# r [Mpc/h],	corr(r)		(z=0.24703695736325737)
4.999999999999999584e-02 8.373266902104951441e+02
5.043731249234302549e-02 8.321042657155776396e+02
5.087844982900527335e-02 8.268761444359552115e+02
5.132344546303071325e-02 8.216427693282021210e+02
5.177233314005213333e-02 8.164045903376536444e+02
5.222514690084993638e-02 8.111620643569622189e+02
5.268192108393376927e-02 8.059156551973428577e+02
5.314269032814648158e-02 8.006658335376996547e+02
5.360748957529079539e-02 7.954130768853938207e+02
5.407635407277928963e-02 7.901578695119824260e+02
5.454931937630712324e-02 7.849007023988524452e+02
5.502642135254850325e-02 7.796420731523539871e+02
5.550769618187654381e-02 7.743824859462911263e+02
5.599318036110687014e-02 7.691224514218047261e+02
5.648291070626547394e-02 7.638624866032041609e+02
5.697692435538039002e-02 7.586031147922622040e+02
5.747525877129822797e-02 7.533448654580861330e+02
5.797795174452500394e-02 7.480882741206442006e+02
5.848504139609184832e-02 7.428338822209043428e+02
5.899656618044608891e-02 7.375822369848028757e+02
5.951256488836711989e-02 7.323338912690524012e+02
6.003307664990831238e-02 7.270894034104421735e+02
6.055814093736414799e-02 7.218493370494688861e+02
6.108779756826373392e-02 7.166142609522794373e+02
6.162208670839024877e-02 7.113847488145693205e+02
6.216104887482674229e-02 7.061613790630945005e+02
6.270472493902892741e-02 7.009447346284287050e+02
6.325315612992435388e-02 6.957354027220862918e+02
6.380638403703915718e-02 6.905339745866367593e+02
6.436445061365186904e-02 6.853410452381358482e+02
6.492739817997479623e-02 6.801572131931898184e+02
6.549526942636349491e-02 6.749830801783828065e+02
6.606810741655391728e-02 6.698192508266074583e+02
6.664595559092832688e-02 6.646663323559332639e+02
6.722885776980939976e-02 6.595249342305469327e+02
6.781685815678321905e-02 6.543956678060931154e+02
6.841000134205159344e-02 6.492791459541185759e+02
6.900833230581324140e-02 6.441759826712950598e+02
6.961189642167510405e-02 6.390867926652426831e+02
7.022073946009285694e-02 6.340121909227163997e+02
7.083490759184214725e-02 6.289527922566630878e+02
7.145444739151972369e-02 6.239092108292388730e+02
7.207940584107530579e-02 6.188820596552104689e+02
7.270983033337462265e-02 6.138719500819424866e+02
7.334576867579320480e-02 6.088794912428566022e+02
7.398726909384173434e-02 6.039052894882042892e+02
7.463438023482342476e-02 5.989499477901408682e+02
7.528715117152279257e-02 5.940140651202527806e+02
7.594563140592733297e-02 5.890982357996836072e+02
7.660987087298117004e-02 5.842030488218151731e+02
7.727991994437198586e-02 5.793290871446952224e+02
7.795582943235089546e-02 5.744769269526441349e+02
7.863765059358548970e-02 5.696471368878555950e+02
7.932543513304711469e-02 5.648402772482731962e+02
8.001923520793173539e-02 5.600568991527106846e+02
8.071910343161500800e-02 5.552975436706619803e+02
8.142509287764254644e-02 5.505627409165463177e+02
8.213725708375424484e-02 5.458530091070788330e+02
8.285565005594462684e-02 5.411688535804896674e+02
8.358032627255797264e-02 5.365107657755033870e+02
8.431134068841988904e-02 5.318792221703261021e+02
8.504874873900464261e-02 5.272746831791519071e+02
8.579260634463885260e-02 5.226975920051463618e+02
8.654296991474247358e-02 5.181483734484172601e+02
8.729989635210615162e-02 5.136274326677030331e+02
8.806344305720671672e-02 5.091351538941507897e+02
8.883366793255988159e-02 5.046718990954459514e+02
8.961062938711110426e-02 5.002380065891211416e+02
9.039438634066525313e-02 4.958337896029552212e+02
9.118499822835436641e-02 4.914595347810627572e+02
9.198252500514510210e-02 4.871155006338397015e+02
9.278702715038525395e-02 4.828019159298921750e+02
9.359856567238997171e-02 4.785189780282873926e+02
9.441720211306853239e-02 4.742668511489902130e+02
9.524299855259096836e-02 4.700456645797273723e+02
9.607601761409616248e-02 4.658555108171296979e+02
9.691632246844043841e-02 4.616964436401550529e+02
9.776397683898832569e-02 4.575684761136048451e+02
9.861904500644487481e-02 4.534715785195598414e+02
9.948159181373003590e-02 4.494056762144605273e+02
1.003516826708963500e-01 4.453706474095031922e+02
1.012293835600889119e-01 4.413663207923469258e+02
1.021147610405491457e-01 4.373924664145491761e+02
1.030078822536623084e-01 4.334488035962206709e+02
1.039088149280488482e-01 4.295351394626763408e+02
1.048176273847007955e-01 4.256512868629214381e+02
1.057343885421625496e-01 4.217969693432591498e+02
1.066591679217573502e-01 4.179719828227138692e+02
1.075920356528593663e-01 4.141761526211564046e+02
1.085330624782116088e-01 4.104092162862899045e+02
1.094823197592910136e-01 4.066709619269305449e+02
1.104398794817196966e-01 4.029612224035474810e+02
1.114058142607240176e-01 3.992797502145673434e+02
1.123801973466413001e-01 3.956263277306522355e+02
1.133631026304745271e-01 3.920007929173584103e+02
1.143546046494959972e-01 3.884029131033212252e+02
1.153547785928994845e-01 3.848324669440382308e+02
1.163637003075023019e-01 3.812892956538007070e+02
1.173814463034969641e-01 3.777731807407170663e+02
1.184080937602532135e-01 3.742838992470459516e+02
1.194437205321709217e-01 3.708212941220856464e+02
1.204884051545839219e-01 3.673851600569281572e+02
1.215422268497157177e-01 3.639752746072041418e+02
1.226052655326871771e-01 3.605914811961342252e+02
1.236776018175767544e-01 3.572335864945206936e+02
1.247593170235338916e-01 3.539013706651750795e+02
1.258504931809454053e-01 3.505946765336256021e+02
1.269512130376566350e-01 3.473133214559721864e+02
1.280615600652460495e-01 3.440570901896267628e+02
1.291816184653554467e-01 3.408258240618366131e+02
1.303114731760753320e-01 3.376193498858105499e+02
1.314512098783857663e-01 3.344374585992584343e+02
1.326009150026542793e-01 3.312799895282638545e+02
1.337606757351898490e-01 3.281467777747537298e+02
1.349305800248547516e-01 3.250376215499206296e+02
1.361107165897340321e-01 3.219523581142610738e+02
1.373011749238630674e-01 3.188908297399124194e+02
1.385020453040147481e-01 3.158528425847632093e+02
1.397134187965448915e-01 3.128382321098803232e+02
1.409353872642985506e-01 3.098468467229076282e+02
1.421680433735762472e-01 3.068785008453068599e+02
1.434114806011608789e-01 3.039330286480532095e+02
1.446657932414068815e-01 3.010102837465846051e+02
1.459310764133905369e-01 2.981100888412714198e+02
1.472074260681233981e-01 2.952322774997145416e+02
1.484949389958285237e-01 2.923767077278379816e+02
1.497937128332803569e-01 2.895432102769427729e+02
1.511038460712091636e-01 2.867316189284390475e+02
1.524254380617695859e-01 2.839417953444847171e+02
1.537585890260750321e-01 2.811735779317598372e+02
1.551034000617979025e-01 2.784268015877876223e+02
1.564599731508359570e-01 2.757013309539749457e+02
1.578284111670463230e-01 2.729970115927110328e+02
1.592088178840464219e-01 2.703136804683000491e+02
1.606012979830836740e-01 2.676512045615967281e+02
1.620059570609738708e-01 2.650094360360004657e+02
1.634229016381089361e-01 2.623882148933907388e+02
1.648522391665347975e-01 2.597874098356647892e+02
1.662940780380997852e-01 2.572068790666721725e+02
1.677485275926743902e-01 2.546464665611969735e+02
1.692156981264429649e-01 2.521060421670143796e+02
1.706957009002678383e-01 2.495854696367574093e+02
1.721886481481265663e-01 2.470845976294543220e+02
1.736946530856233184e-01 2.446032967699435119e+02
1.752138299185740100e-01 2.421414359076050573e+02
1.767462938516672633e-01 2.396988688402954608e+02
1.782921610972006410e-01 2.372754668215373215e+02
1.798515488838934862e-01 2.348711033794365619e+02
1.814245754657769216e-01 2.324856376816882744e+02
1.830113601311612881e-01 2.301189416361033295e+02
1.846120232116822690e-01 2.277708930781182346e+02
1.862266860914261191e-01 2.254413565820042606e+02
1.878554712161346896e-01 2.231302048716715944e+02
1.894985021024907235e-01 2.208373197721384145e+02
1.911559033474850289e-01 2.185625711339869213e+02
1.928278006378645049e-01 2.163058327758917869e+02
1.945143207596639612e-01 2.140669902159525577e+02
1.962155916078204276e-01 2.118459183441330822e+02
1.979317421958720069e-01 2.096424924459016950e+02
1.996629026657415762e-01 2.074566014155983567e+02
2.014092042976056152e-01 2.052881249032310222e+02
2.031707795198499367e-01 2.031369400929879987e+02
2.049477619191120426e-01 2.010029389121853853e+02
2.067402862504114924e-01 1.988860054735079359e+02
2.085484884473691458e-01 1.967860193330358527e+02
2.103725056325150278e-01 1.947028750785644604e+02
2.122124761276871496e-01 1.926364609875369069e+02
2.140685394645209239e-01 1.905866594877492446e+02
2.159408363950301724e-01 1.885533674241384858e+02
2.178295089022811992e-01 1.865364769660219793e+02
2.197347002111595671e-01 1.845358738907406462e+02
2.216565547992314644e-01 1.825514569024550724e+02
2.235952184076999694e-01 1.805831218501656679e+02
2.255508380524571255e-01 1.786307581928382433e+02
2.275235620352327459e-01 1.766942662158568282e+02
2.295135399548406396e-01 1.747735452658081101e+02
2.315209227185231755e-01 1.728684886606217503e+02
2.335458625533951560e-01 1.709789981111086945e+02
2.355885130179877773e-01 1.691049763058344126e+02
2.376490290138934813e-01 1.672463204618325108e+02
2.397275667975128921e-01 1.654029336595611994e+02
2.418242839919040044e-01 1.635747218043109115e+02
2.439393395987354274e-01 1.617615859309428288e+02
2.460728940103442119e-01 1.599634305162908845e+02
2.482251090218988154e-01 1.581801645859250698e+02
2.503961478436685928e-01 1.564116928078157684e+02
2.525861751134008126e-01 1.546579211634626461e+02
2.547953569088056147e-01 1.529187616834502137e+02
2.570238607601501024e-01 1.511941224420311585e+02
2.592718556629631799e-01 1.494839110964392717e+02
2.615395120908506343e-01 1.477880425156166098e+02
2.638270020084232947e-01 1.461064279551293055e+02
2.661344988843372672e-01 1.444389769588850072e+02
2.684621777044488011e-01 1.427856070174503600e+02
2.708102149850842855e-01 1.411462323527184139e+02
2.731787887864258746e-01 1.395207646359583862e+02
2.755680787260147979e-01 1.379091237148639379e+02
2.779782659923719645e-01 1.363112265782054919e+02
2.804095333587384165e-01 1.347269872864915214e+02
2.828620651969356303e-01 1.331563277350454939e+02
2.853360474913470002e-01 1.315991675123752884e+02
2.878316678530221107e-01 1.300554233053380813e+02
2.903491155339033569e-01 1.285250187440308309e+02
2.928885814411779642e-01 1.270078758963674517e+02
2.954502581517551296e-01 1.255039142071807987e+02
2.980343399268699511e-01 1.240130588027446095e+02
3.006410227268145885e-01 1.225352341316508813e+02
3.032705042257990979e-01 1.210703624230747550e+02
3.059229838269413859e-01 1.196183701328133537e+02
3.085986626773890018e-01 1.181791840104295233e+02
3.112977436835726031e-01 1.167527290010834946e+02
3.140204315265931467e-01 1.153389327835788833e+02
3.167669326777438066e-01 1.139377243481859239e+02
3.195374554141671153e-01 1.125490312025974191e+02
3.223322098346496078e-01 1.111727821942889705e+02
3.251514078755542436e-01 1.098089085064257944e+02
3.279952633268924389e-01 1.084573399863055414e+02
3.308639918485362652e-01 1.071180066532743353e+02
3.337578109865733111e-01 1.057908417979710265e+02
3.366769401898032643e-01 1.044757773723735426e+02
3.396216008263799324e-01 1.031727446105185777e+02
3.425920162005983705e-01 1.018816787678648410e+02
3.455884115698285020e-01 1.006025136801729758e+02
3.486110141615980096e-01 9.933518186418218932e+01
3.516600531908229410e-01 9.807962034391772477e+01
3.547357598771902487e-01 9.683576463396501310e+01
3.578383674626922639e-01 9.560354862122387942e+01
3.609681112293136596e-01 9.438291085215404053e+01
3.641252285168747327e-01 9.317378833257623683e+01
3.673099587410286748e-01 9.197611642068920901e+01
3.705225434114178817e-01 9.078983489397280948e+01
3.737632261499884700e-01 8.961488209257356630e+01
3.770322527094649989e-01 8.845119491765495923e+01
3.803298709919867848e-01 8.729871408372487451e+01
3.836563310679070860e-01 8.615737914200160219e+01
3.870118851947569882e-01 8.502712852799865573e+01
3.903967878363749366e-01 8.390790364768164977e+01
3.938112956822038546e-01 8.279964515562805616e+01
3.972556676667562958e-01 8.170229293670602999e+01
4.007301649892513473e-01 8.061578888805831866e+01
4.042350511334211194e-01 7.954007467416585087e+01
4.077705918874925950e-01 7.847509147540731078e+01
4.113370553643429517e-01 7.742078151887666593e+01
4.149347120218314644e-01 7.637708739973739114e+01
4.185638346833097101e-01 7.534395137826754763e+01
4.222246985583101297e-01 7.432131588743520467e+01
4.259175812634166114e-01 7.330912437788732916e+01
4.296427628433171497e-01 7.230731992926409646e+01
4.334005257920404142e-01 7.131584510041979286e+01
4.371911550743783903e-01 7.033464408205581719e+01
4.410149381474965935e-01 6.936366051827660328e+01
4.448721649827325209e-01 6.840283704239952556e+01
4.487631280875854500e-01 6.745211842113482703e+01
4.526881225278983067e-01 6.651144862828297732e+01
4.566474459502335992e-01 6.558077034153618001e+01
4.606413986044452513e-01 6.466002869590280966e+01
4.646702833664471677e-01 6.374916778127436601e+01
4.687344057611818049e-01 6.284813030893266728e+01
4.728340739857889719e-01 6.195686153573186061e+01
4.769695989329776897e-01 6.107530547690745948e+01
4.811412942146025551e-01 6.020340488249891564e+01
4.853494761854454942e-01 5.934110485292282533e+01
4.895944639672064613e-01 5.848834917376912301e+01
4.938765794727035807e-01 5.764508061681727469e+01
4.981961474302847859e-01 5.681124385825486200e+01
5.025534954084537320e-01 5.598678233316281450e+01
5.069489538407092599e-01 5.517163876683881085e+01
5.113828560506047394e-01 5.436575718771471344e+01
5.158555382770246833e-01 5.356908058343280032e+01
5.203673396996824074e-01 5.278155151962155145e+01
5.249186024648422322e-01 5.200311319672223220e+01
5.295096717112647289e-01 5.123370808335676685e+01
5.341408955963805605e-01 5.047327843454618801e+01
5.388126253226926954e-01 4.972176648429498158e+01
5.435252151644078822e-01 4.897911413798485825e+01
5.482790224943048241e-01 4.824526315826513212e+01
5.530744078108325024e-01 4.752015471975907701e+01
5.579117347654508619e-01 4.680373013627288969e+01
5.627913701902049759e-01 4.609593048576454066e+01
5.677136841255455701e-01 4.539669584342901487e+01
5.726790498483895764e-01 4.470596688474800828e+01
5.776878439004263788e-01 4.402368384299489179e+01
5.827404461166740823e-01 4.334978569586824904e+01
5.878372396542814737e-01 4.268421241460588078e+01
5.929786110215867767e-01 4.202690326916139441e+01
5.981649501074263187e-01 4.137779618211105515e+01
6.033966502107007690e-01 4.073683034106287693e+01
6.086741080702026130e-01 4.010394397750585682e+01
6.139977238946997540e-01 3.947907404269325582e+01
6.193679013932865685e-01 3.886215885299912287e+01
6.247850478059983059e-01 3.825313557296264122e+01
6.302495739346922754e-01 3.765194030524549618e+01
6.357618941742029239e-01 3.705851040742174263e+01
6.413224265437639238e-01 3.647278200759161848e+01
6.469315927187105908e-01 3.589469048707420740e+01
6.525898180624563061e-01 3.532417219654102070e+01
6.582975316587478254e-01 3.476116231254410138e+01
6.640551663442072483e-01 3.420559560997637760e+01
6.698631587411523203e-01 3.365740744477191981e+01
6.757219492907097225e-01 3.311653217485579859e+01
6.816319822862143551e-01 3.258290407530579103e+01
6.875937059069004986e-01 3.205645757830288289e+01
6.936075722518914022e-01 3.153712640417801083e+01
6.996740373744808617e-01 3.102484442962380484e+01
7.057935613167202193e-01 3.051954529069926991e+01
7.119666081443017935e-01 3.002116229823501925e+01
7.181936459817538365e-01 2.952962902885448315e+01
7.244751470479383615e-01 2.904487850945983851e+01
7.308115876918607201e-01 2.856684389720103212e+01
7.372034484287950384e-01 2.809545858161796872e+01
7.436512139767206264e-01 2.763065522673491614e+01
7.501553732930822393e-01 2.717236708688458791e+01
7.567164196118689734e-01 2.672052752049746616e+01
7.633348504810161250e-01 2.627506911948912816e+01
7.700111678001395621e-01 2.583592547581254806e+01
7.767458778585925039e-01 2.540303011387518950e+01
7.835394913738629175e-01 2.497631588095520527e+01
7.903925235303012053e-01 2.455571693284112200e+01
7.973054940181879546e-01 2.414116719151963508e+01
8.042789270731460771e-01 2.373260011542134862e+01
8.113133515158927889e-01 2.332995063096138466e+01
8.184093007923447516e-01 2.293315331749412778e+01
8.255673130140694926e-01 2.254214261305168776e+01
8.327879309990919854e-01 2.215685440118746286e+01
8.400717023130606087e-01 2.177722420566847461e+01
8.474191793107682669e-01 2.140318778139329225e+01
8.548309191780417704e-01 2.103468216004382541e+01
8.623074839739949260e-01 2.067164410487858106e+01
8.698494406736493323e-01 2.031401097230505215e+01
8.774573612109335397e-01 1.996172113798602510e+01
8.851318225220513591e-01 1.961471289072738600e+01
8.928734065892364180e-01 1.927292541146788096e+01
9.006827004848838580e-01 1.893629860740433912e+01
9.085602964160698347e-01 1.860477255620779502e+01
9.165067917694630362e-01 1.827828841600531717e+01
9.245227891566234479e-01 1.795678779160656191e+01
9.326088964597037956e-01 1.764021277541913690e+01
9.407657268775458936e-01 1.732850657797432348e+01
9.489938989721803386e-01 1.702161263917639999e+01
9.572940367157379837e-01 1.671947522263797836e+01
9.656667695377636473e-01 1.642203960156778919e+01
9.741127323729521503e-01 1.612925114771486435e+01
9.826325657092941368e-01 1.584105635310542581e+01
9.912269156366493306e-01 1.555740251353068437e+01
9.998964338957411213e-01 1.527823697099436018e+01
1.008641777927578254e+00 1.500350839968408501e+01
1.017463610923315054e+00 1.473316602254129037e+01
1.026362601874539315e+00 1.446715912433653095e+01
1.035339425624008047e+00 1.420543841327203261e+01
1.044394762916821540e+00 1.394795488591672594e+01
1.053529300452044737e+00 1.369465967353180957e+01
1.062743730934787134e+00 1.344550527512467575e+01
1.072038753128727651e+00 1.320044425303404267e+01
1.081415071909108461e+00 1.295942941592109321e+01
1.090873398316186904e+00 1.272241473433259706e+01
1.100414449609154355e+00 1.248935408589915141e+01
1.110038949320532264e+00 1.226020170197517878e+01
1.119747627311036275e+00 1.203491266902361545e+01
1.129541219824927945e+00 1.181344189173463732e+01
1.139420469545845194e+00 1.159574470028398530e+01
1.149386125653120372e+00 1.138177692739400726e+01
1.159438943878598360e+00 1.117149419528575827e+01
1.169579686563940735e+00 1.096485256827220311e+01
1.179809122718441960e+00 1.076180826274206659e+01
1.190128028077343636e+00 1.056231731186475464e+01
1.200537185160659659e+00 1.036633614109503121e+01
1.211037383332522310e+00 1.017382102038499525e+01
1.221629418861036820e+00 9.984728118075656411e+00
1.232314094978671282e+00 9.799013874742481534e+00
1.243092221943162823e+00 9.616634348260891585e+00
1.253964617098966672e+00 9.437545614333405553e+00
1.264932104939237911e+00 9.261703856981103655e+00
1.275995517168351912e+00 9.089064746726368327e+00
1.287155692764981207e+00 8.919584109177504772e+00
1.298413478045712610e+00 8.753217711671402057e+00
1.309769726729231865e+00 8.589920774219244493e+00
1.321225300001060754e+00 8.429648813502900850e+00
1.332781066578863527e+00 8.272357150780363710e+00
1.344437902778328420e+00 8.118000624115930819e+00
1.356196692579616947e+00 7.966534499066441732e+00
1.368058327694404275e+00 7.817913762191158078e+00
1.380023707633498686e+00 7.672093079499244794e+00
1.392093739775052352e+00 7.529027643855627616e+00
1.404269339433376285e+00 7.388672359896196085e+00
1.416551429928346595e+00 7.250982061447420968e+00
1.428940942655427593e+00 7.115912162727852319e+00
1.441438817156301289e+00 6.983417867844932125e+00
1.454046001190113513e+00 6.853454611141470920e+00
1.466763450805351754e+00 6.725978425687088702e+00
1.479592130412338724e+00 6.600945289192249099e+00
1.492533012856373853e+00 6.478311721841455650e+00
1.505587079491504277e+00 6.358034835604726709e+00
1.518755320254942198e+00 6.240071901916302011e+00
1.532038733742141501e+00 6.124381012176963068e+00
1.545438327282518509e+00 6.010920825776376653e+00
1.558955117015845770e+00 5.899650415952488736e+00
1.572590127969309082e+00 5.790529869907199867e+00
1.586344394135235092e+00 5.683519812222133538e+00
1.600218958549509463e+00 5.578581547976165567e+00
1.614214873370666714e+00 5.475677465778941766e+00
1.628333199959685063e+00 5.374770467976833999e+00
1.642575008960471372e+00 5.275824368134959919e+00
1.656941380381049100e+00 5.178804007978329516e+00
1.671433403675464779e+00 5.083674722889105269e+00
1.686052177826399268e+00 4.990402907433062474e+00
1.700798811428513302e+00 4.898955829522684269e+00
1.715674422772510699e+00 4.809301223017510729e+00
1.730680139929947403e+00 4.721407916117388304e+00
1.745817100838775504e+00 4.635245391159321215e+00
1.761086453389633322e+00 4.550783554144582688e+00
1.776489355512901769e+00 4.467993318937442560e+00
1.792026975266506117e+00 4.386846010161868925e+00
1.807700490924500913e+00 4.307313319615278857e+00
1.823511091066420065e+00 4.229367753752492298e+00
1.839459974667408515e+00 4.152982004154620377e+00
1.855548351189150624e+00 4.078129061866825111e+00
1.871777440671581250e+00 4.004782478450070293e+00
1.888148473825412399e+00 3.932915814184945624e+00
1.904662692125459023e+00 3.862502858908549719e+00
1.921321347904782595e+00 3.793517712676784726e+00
1.938125704449665809e+00 3.725934373695031887e+00
1.955077036095405507e+00 3.659727021672606995e+00
1.972176628322955594e+00 3.594869950561546457e+00
1.989425777856408395e+00 3.531337323066554124e+00
2.006825792761325555e+00 3.469103480957333119e+00
2.024377992543941573e+00 3.408142767389339856e+00
2.042083708251217100e+00 3.348429457974051004e+00
2.059944282571785745e+00 3.289938058486900019e+00
2.077961069937772187e+00 3.232643054542498895e+00
2.096135436627497572e+00 3.176519021532308695e+00
2.114468760869101072e+00 3.121540853946259464e+00
2.132962432945044284e+00 3.067683488801473235e+00
2.151617855297550452e+00 3.014922177286732285e+00
2.170436442634949170e+00 2.963232590682840062e+00
2.189419622038966118e+00 2.912590562850351006e+00
2.208568833072939164e+00 2.862972485106420883e+00
2.227885527890984374e+00 2.814355247817250216e+00
2.247371171348125252e+00 2.766716045506017352e+00
2.267027241111367886e+00 2.720032829835551613e+00
2.286855227771767307e+00 2.674284078953137911e+00
2.306856634957459740e+00 2.629448700819196905e+00
2.327032979447686056e+00 2.585506456911079720e+00
2.347385791287821100e+00 2.542437599796127934e+00
2.367916613905395096e+00 2.500222889180429231e+00
2.388627004227144024e+00 2.458843898339574618e+00
2.409518532797074286e+00 2.418282605734202395e+00
2.430592783895558551e+00 2.378521502518941233e+00
2.451851355659486753e+00 2.339543737060794548e+00
2.473295860203448715e+00 2.301332750130282712e+00
2.494927923741994125e+00 2.263872431118988171e+00
2.516749186712952113e+00 2.227147117370320117e+00
2.538761303901827304e+00 2.191141327894283730e+00
2.560965944567295427e+00 2.155839934063924712e+00
2.583364792567782509e+00 2.121228064190651796e+00
2.605959546489163614e+00 2.087290955088757727e+00
2.628751919773570922e+00 2.054014121011582095e+00
2.651743640849325345e+00 2.021383212519197947e+00
2.674936453262018787e+00 1.989383984921800241e+00
2.698332115806723941e+00 1.958002455042007650e+00
2.721932402661377370e+00 1.927224743749971436e+00
2.745739103521321223e+00 1.897037153713673430e+00
2.769754023735013782e+00 1.867426288969448622e+00
2.793978984440949276e+00 1.838378897392907163e+00
2.818415822705747864e+00 1.809882039671040665e+00
2.843066391663477521e+00 1.781923133361081435e+00
2.867932560656180296e+00 1.754489808446183075e+00
2.893016215375626476e+00 1.727570132771709677e+00
2.918319258006322414e+00 1.701152546996380854e+00
2.943843607369750703e+00 1.675225752942756996e+00
2.969591199069891552e+00 1.649778941333591709e+00
2.995563985639995153e+00 1.624801620077600317e+00
3.021763936690660568e+00 1.600283553313526452e+00
3.048193039059191811e+00 1.576214937727315801e+00
3.074853296960264881e+00 1.552586173775302170e+00
3.101746732137924401e+00 1.529387859247942405e+00
3.128875384018885875e+00 1.506610891875218128e+00
3.156241309867207523e+00 1.484246254155523248e+00
3.183846584940290381e+00 1.462285052003993391e+00
3.211693302646251968e+00 1.440718566278818003e+00
3.239783574702686852e+00 1.419538095486831741e+00
3.268119531296791891e+00 1.398735036828623546e+00
3.296703321246918783e+00 1.378300917388461500e+00
3.325537112165521503e+00 1.358227300806563953e+00
3.354623090623528814e+00 1.338505913911592682e+00
3.383963462316171622e+00 1.319128653138798457e+00
3.413560452230236741e+00 1.300087546289396156e+00
3.443416304812804807e+00 1.281374903811495658e+00
3.473533284141453237e+00 1.262983268229710188e+00
3.503913674095940678e+00 1.244905424420947426e+00
3.534559778531416896e+00 1.227134514387265618e+00
3.565473921453117256e+00 1.209663921144209953e+00
3.596658447192612407e+00 1.192487313930516546e+00
3.628115720585582515e+00 1.175598666954871030e+00
3.659848127151147157e+00 1.158992119550946276e+00
3.691858073272777929e+00 1.142662029559586845e+00
3.724147986380771158e+00 1.126602905062011883e+00
3.756720315136342414e+00 1.110809295978665956e+00
3.789577529617301987e+00 1.095275846916186735e+00
3.822722121505384152e+00 1.079997212768923021e+00
3.856156604275193356e+00 1.064968008269993938e+00
3.889883513384805980e+00 1.050182889605334458e+00
3.923905406468055634e+00 1.035636504597847063e+00
3.958224863528472692e+00 1.021323496799885211e+00
3.992844487134948661e+00 1.007238640144853203e+00
4.027766902619092981e+00 9.933767978013192668e-01
4.062994758274315998e+00 9.797329696184990944e-01
4.098530725556670085e+00 9.663024296312435757e-01
4.134377499287423596e+00 9.530806424368621910e-01
4.170537797857430284e+00 9.400633271515500544e-01
4.207014363433270177e+00 9.272465015656593534e-01
4.243809962165189020e+00 9.146263609212046397e-01
4.280927384396884250e+00 9.021993096829022951e-01
4.318369444877086849e+00 8.899618951487554552e-01
4.356138982973030593e+00 8.779107049612089320e-01
4.394238862885764263e+00 8.660423522638204252e-01
4.432671973867348569e+00 8.543534014018296929e-01
4.471441230439971548e+00 8.428403261791455048e-01
4.510549572616953995e+00 8.314995186455905740e-01
4.549999966125712447e+00 8.203272929079790110e-01
4.589795402632657506e+00 8.093199110582651734e-01
4.629938899970055033e+00 7.984736808593169144e-01
4.670433502364894629e+00 7.877849854911692651e-01
4.711282280669726319e+00 7.772503648322793834e-01
4.752488332595551590e+00 7.668666189084326623e-01
4.794054782946725268e+00 7.566307671700703841e-01
4.835984783857914415e+00 7.465401278080940894e-01
4.878281515033154214e+00 7.365922793825044890e-01
4.920948183986956437e+00 7.267849595913166150e-01
4.963988026287561972e+00 7.171160630901249888e-01
5.007404305802300115e+00 7.075834958384776829e-01
5.051200314945095471e+00 6.981850993960385665e-01
5.095379374926143790e+00 6.889186046209433423e-01
5.139944836003791373e+00 6.797815702805298788e-01
5.184900077738563873e+00 6.707713813986623252e-01
5.230248509249470601e+00 6.618853135138634824e-01
5.275993569472539058e+00 6.531205896068701389e-01
5.322138727421578785e+00 6.444744500878095694e-01
5.368687482451264259e+00 6.359443203399995914e-01
5.415643364522493286e+00 6.275278158888075719e-01
5.463009934470102635e+00 6.192228258361522908e-01
5.510790784272862730e+00 6.110275515506587984e-01
5.558989537325888186e+00 6.029403974920044540e-01
5.607609848715426892e+00 5.949599582000963949e-01
5.656655405496011646e+00 5.870848855438353109e-01
5.706129926970072042e+00 5.793137911621505376e-01
5.756037164970003950e+00 5.716451641404540762e-01
5.806380904142650401e+00 5.640773257050973877e-01
5.857164962236325323e+00 5.566084301726753614e-01
5.908393190390319738e+00 5.492365101801580662e-01
5.960069473426965914e+00 5.419595750641138521e-01
6.012197730146208841e+00 5.347756782933709152e-01
6.064781913622793397e+00 5.276830589174588138e-01
6.117826011506062756e+00 5.206801425576380593e-01
6.171334046322320965e+00 5.137655848463376085e-01
6.225310075779896479e+00 5.069382393713333101e-01
6.279758193076843575e+00 5.001970427345319159e-01
6.334682527211366931e+00 4.935409673233032701e-01
6.390087243294903629e+00 4.869689015097400930e-01
6.445976542867994930e+00 4.804796155328890928e-01
6.502354664218924718e+00 4.740717522630829017e-01
6.559225882705086441e+00 4.677438814759321550e-01
6.616594511077217078e+00 4.614945490823675889e-01
6.674464899806468843e+00 4.553224030687169077e-01
6.732841437414281316e+00 4.492262307424418344e-01
6.791728550805206766e+00 4.432049694086186431e-01
6.851130705602602511e+00 4.372577259623448565e-01
6.911052406487304900e+00 4.313836514918146792e-01
6.971498197539194308e+00 4.255818891500274259e-01
7.032472662581806588e+00 4.198514848531244570e-01
7.093980425529968770e+00 4.141913623548954537e-01
7.156026150740395941e+00 4.086003259709346525e-01
7.218614543365436731e+00 4.030771598967505254e-01
7.281750349709896319e+00 3.976206862049656565e-01
7.345438357590928113e+00 3.922298680272131577e-01
7.409683396701135294e+00 3.869038519527359110e-01
7.474490338974814740e+00 3.816419172876648336e-01
7.539864098957439253e+00 3.764434427686695339e-01
7.605809634178299028e+00 3.713077742134410220e-01
7.672331945526479124e+00 3.662341729646464983e-01
7.739436077630108102e+00 3.612217607407857134e-01
7.807127119238871593e+00 3.562695825845980657e-01
7.875410203609940929e+00 3.513766606193535202e-01
7.944290508897225322e+00 3.465421342803767790e-01
8.013773258544087952e+00 3.417652825789714299e-01
8.083863721679408698e+00 3.370455570107971366e-01
8.154567213517186275e+00 3.323825006099386803e-01
8.225889095759630010e+00 3.277756322502960451e-01
8.297834777003714635e+00 3.232243638218468273e-01
8.370409713151353515e+00 3.187279467416020973e-01
8.443619407823168999e+00 3.142855276305422385e-01
8.517469412775797721e+00 3.098962464313927967e-01
8.591965328322931583e+00 3.055593773064654850e-01
8.667112803760003814e+00 3.012743499340094222e-01
8.742917537792617821e+00 2.970407924797222043e-01
8.819385278968656650e+00 2.928583558738223624e-01
8.896521826114238252e+00 2.887266273296774099e-01
8.974333028773486376e+00 2.846449871110667273e-01
9.052824787652077987e+00 2.806126524335413874e-01
9.132003055064730646e+00 2.766287300423874163e-01
9.211873835386626297e+00 2.726924315259951492e-01
9.292443185508680870e+00 2.688031306906579765e-01
9.373717215296903049e+00 2.649604299498589666e-01
9.455702088055703669e+00 2.611640338444279896e-01
9.538404020995326249e+00 2.574136066916550836e-01
9.621829285703256573e+00 2.537086359961828186e-01
9.705984208619852893e+00 2.500484380001960494e-01
9.790875171518131026e+00 2.464322487864964994e-01
9.876508611987658171e+00 2.428594007861322734e-01
9.962891023922779254e+00 2.393294270264734735e-01
1.005002895801504792e+01 2.358420401252816212e-01
1.013792902225003800e+01 2.323970262603434478e-01
1.022659788240838097e+01 2.289940688180377437e-01
1.031604226257129575e+01 2.256326931626534693e-01
1.040626894563052396e+01 2.223123074793548481e-01
1.049728477380264025e+01 2.190323578220781664e-01
1.058909664914795989e+01 2.157924370910245526e-01
1.068171153409396723e+01 2.125923089774273411e-01
1.077513645196325243e+01 2.094317621067883495e-01
1.086937848750614322e+01 2.063104864308923925e-01
1.096444478743795869e+01 2.032279903590222536e-01
1.106034256098100599e+01 2.001836899210412135e-01
1.115707908041121854e+01 1.971770610492715459e-01
1.125466168160967229e+01 1.942077437158905573e-01
1.135309776461892461e+01 1.912754929327110665e-01
1.145239479420412287e+01 1.883800433407864794e-01
1.155256030041911330e+01 1.855209771920000306e-01
1.165360187917750778e+01 1.826977272481684900e-01
1.175552719282864622e+01 1.799097441027701083e-01
1.185834397073869617e+01 1.771566063094424659e-01
1.196206000987678308e+01 1.744380619588887238e-01
1.206668317540631286e+01 1.717538605921608286e-01
1.217222140128133212e+01 1.691036417955333604e-01
1.227868269084823716e+01 1.664868756741703093e-01
1.238607511745272483e+01 1.639030822042108204e-01
1.249440682505195710e+01 1.613519055154448711e-01
1.260368602883217548e+01 1.588332051130992850e-01
1.271392101583173684e+01 1.563467936548767201e-01
1.282512014556945878e+01 1.538923581615933012e-01
1.293729185067862275e+01 1.514693855739632777e-01
1.305044463754640560e+01 1.490774452468580369e-01
1.316458708695901514e+01 1.467162637612189624e-01
1.327972785475232165e+01 1.443857576741789939e-01
1.339587567246829281e+01 1.420857489630748816e-01
1.351303934801719109e+01 1.398158688468424393e-01
1.363122776634541466e+01 1.375756364189336112e-01
1.375044989010934415e+01 1.353646709228249201e-01
1.387071476035496964e+01 1.331828147965121167e-01
1.399203149720358041e+01 1.310299121759639085e-01
1.411440930054327403e+01 1.289056841338251380e-01
1.423785745072667197e+01 1.268096365759019961e-01
1.436238530927472112e+01 1.247413830737682666e-01
1.448800231958652596e+01 1.227006675188341139e-01
1.461471800765551876e+01 1.206873597506002010e-01
1.474254198279189509e+01 1.187011543375557643e-01
1.487148393835123450e+01 1.167415964698521880e-01
1.500155365246963690e+01 1.148082987353228057e-01
1.513276098880521303e+01 1.129010329983281130e-01
1.526511589728613849e+01 1.110196850824874959e-01
1.539862841486509559e+01 1.091639338605868981e-01
1.553330866628046536e+01 1.073333924527196948e-01
1.566916686482416843e+01 1.055277138829473077e-01
1.580621331311607847e+01 1.037467721177124519e-01
1.594445840388535807e+01 1.019904192683336042e-01
1.608391262075862471e+01 1.002583057719416693e-01
1.622458653905486514e+01 9.855009316309008838e-02
1.636649082658745868e+01 9.686553832409371123e-02
1.650963624447313549e+01 9.520458068299757215e-02
1.665403364794809349e+01 9.356695769900810755e-02
1.679969398719108042e+01 9.195226900953121230e-02
1.694662830815384780e+01 9.036023597188364009e-02
1.709484775339885232e+01 8.879071564206282574e-02
1.724436356294413031e+01 8.724360297096879491e-02
1.739518707511573226e+01 8.571849588787788798e-02
1.754732972740758612e+01 8.421506385267213401e-02
1.770080305734874671e+01 8.273317175750093122e-02
1.785561870337840062e+01 8.127266991050156875e-02
1.801178840572841722e+01 7.983329079691831032e-02
1.816932400731371544e+01 7.841462896635351121e-02
1.832823745463025489e+01 7.701654732704879547e-02
1.848854079866103106e+01 7.563893283940432977e-02
1.865024619579000742e+01 7.428143309280199613e-02
1.881336590872385983e+01 7.294375107632543320e-02
1.897791230742197754e+01 7.162567912672648807e-02
1.914389787003449328e+01 7.032710106465339672e-02
1.931133518384860892e+01 6.904773126857886856e-02
1.948023694624302848e+01 6.778720391549680757e-02
1.965061596565090696e+01 6.654546540777536712e-02
1.982248516253120840e+01 6.532234467780413667e-02
1.999585757034840583e+01 6.411749138527776670e-02
2.017074633656090299e+01 6.293075796359248741e-02
2.034716472361812123e+01 6.176200829355567301e-02
2.052512610996612707e+01 6.061101787134984958e-02
2.070464399106222331e+01 5.947752178121686745e-02
2.088573198039834722e+01 5.836131322316058523e-02
2.106840381053348921e+01 5.726231141721097734e-02
2.125267333413497539e+01 5.618022743563277216e-02
2.143855452502902281e+01 5.511475333546803079e-02
2.162606147926048195e+01 5.406586053632269490e-02
2.181520841616167417e+01 5.303331804061219013e-02
2.200600967943075048e+01 5.201678858445769188e-02
2.219847973821950049e+01 5.101622318977875464e-02
2.239263318823045168e+01 5.003144676742440899e-02
2.258848475282383106e+01 4.906214099074950041e-02
2.278604928413401964e+01 4.810820292871827164e-02
2.298534176419594743e+01 4.716948084701002436e-02
2.318637730608109848e+01 4.624569667530661898e-02
2.338917115504365185e+01 4.533669965848099309e-02
2.359373868967666255e+01 4.444233372713517899e-02
2.380009542307812964e+01 4.356235527039981764e-02
2.400825700402750584e+01 4.269659452217314244e-02
2.421823921817236069e+01 4.184489355841676528e-02
2.443005798922554916e+01 4.100703418920161741e-02
2.464372938017262271e+01 4.018284845321751925e-02
2.485926959449001927e+01 3.937219181245027455e-02
2.507669497737390785e+01 3.857487632568119135e-02
2.529602201697954911e+01 3.779073897632692636e-02
2.551726734567172983e+01 3.701963863039250957e-02
2.574044774128612545e+01 3.626140460650053438e-02
2.596558012840148777e+01 3.551587164406702635e-02
2.619268157962318000e+01 3.478288727176902934e-02
2.642176931687781760e+01 3.406227801224019636e-02
2.665286071271935953e+01 3.335387334173770674e-02
2.688597329164639405e+01 3.265752068384925044e-02
2.712112473143114144e+01 3.197305707448688805e-02
2.735833286446012380e+01 3.130032060051249343e-02
2.759761567908628521e+01 3.063916686385353971e-02
2.783899132099319829e+01 2.998944482069120995e-02
2.808247809457120425e+01 2.935099921345463159e-02
2.832809446430533029e+01 2.872368334156160177e-02
2.857585905617563071e+01 2.810734763115842541e-02
2.882579065906960381e+01 2.750183938582515322e-02
2.907790822620714266e+01 2.690701149394750247e-02
2.933223087657765049e+01 2.632271769085305774e-02
2.958877789638998479e+01 2.574881186701830429e-02
2.984756874053509534e+01 2.518514964579498736e-02
3.010862303406117846e+01 2.463158493612936303e-02
3.037196057366203661e+01 2.408797119954076901e-02
3.063760132917827050e+01 2.355416634061514511e-02
3.090556544511179027e+01 2.303002875546125358e-02
3.117587324215325850e+01 2.251541876735833891e-02
3.144854521872317221e+01 2.201020402265503259e-02
3.172360205252643439e+01 2.151425404431665800e-02
3.200106460212023052e+01 2.102743821147614114e-02
3.228095390849588853e+01 2.054962805267449358e-02
3.256329119667459793e+01 2.008069459010974195e-02
3.284809787731681041e+01 1.962050663165367664e-02
3.313539554834597567e+01 1.916893357791817423e-02
3.342520599658634239e+01 1.872584555706238024e-02
3.371755119941528989e+01 1.829111323803524550e-02
3.401245332642971420e+01 1.786461038582422972e-02
3.430993474112733566e+01 1.744621602866932089e-02
3.461001800260273598e+01 1.703581276684883530e-02
3.491272586725786198e+01 1.663328462862243354e-02
3.521808129052784153e+01 1.623851817460723185e-02
3.552610742862186299e+01 1.585139853683736194e-02
3.583682764027901868e+01 1.547180888877766787e-02
3.615026548853980159e+01 1.509963366957362170e-02
3.646644474253289303e+01 1.473475994468038085e-02
3.678538937927784502e+01 1.437707625782730370e-02
3.710712358550308210e+01 1.402647454607251591e-02
3.743167175948020997e+01 1.368284615815166042e-02
3.775905851287431858e+01 1.334608061658052597e-02
3.808930867261017283e+01 1.301606681643425502e-02
3.842244728275499455e+01 1.269269330792725282e-02
3.875849960641782133e+01 1.237584955277325725e-02
3.909749112766502321e+01 1.206542906143182742e-02
3.943944755345302156e+01 1.176132639421588466e-02
3.978439481557765589e+01 1.146343762008726619e-02
4.013235907264086677e+01 1.117166137068313116e-02
4.048336671203413317e+01 1.088589690154494020e-02
4.083744435193964506e+01 1.060604533765681541e-02
4.119461884334899793e+01 1.033200987314679062e-02
4.155491727209913932e+01 1.006369425983091696e-02
4.191836696092656922e+01 9.801004162906284262e-03
4.228499547153919735e+01 9.543847523664470561e-03
4.265483060670667470e+01 9.292133964833184864e-03
4.302790041236847429e+01 9.045776404511545951e-03
4.340423317976086537e+01 8.804689999426193805e-03
4.378385744756247533e+01 8.568791882516262406e-03
4.416680200405820500e+01 8.338001462047207185e-03
4.455309588932250620e+01 8.112237002004189790e-03
4.494276839742168050e+01 7.891414970663122169e-03
4.533584907863514957e+01 7.675450016203100821e-03
4.573236774169648555e+01 7.464255991568505624e-03
4.613235445605384655e+01 7.257748433538827731e-03
4.653583955415045637e+01 7.055844971088571019e-03
4.694285363372449638e+01 6.858462592781540933e-03
4.735342756012963861e+01 6.665516971982503834e-03
4.776759246867577247e+01 6.476923260503851011e-03
4.818537976698986114e+01 6.292596802085646292e-03
4.860682113739779453e+01 6.112456781038754991e-03
4.903194853932716768e+01 5.936425248118951115e-03
4.946079421173055835e+01 5.764426702779134812e-03
4.989339067553054008e+01 5.596389089540633813e-03
5.032977073608573448e+01 5.432242363634665235e-03
5.076996748567878370e+01 5.271918679341132397e-03
5.121401430602554683e+01 5.115353010264017501e-03
5.166194487080671394e+01 4.962481464034105769e-03
5.211379314822156061e+01 4.813241467197039089e-03
5.256959340356354460e+01 4.667570507003403896e-03
5.302938020181896661e+01 4.525405199256531119e-03
5.349318841028826910e+01 4.386682001926375980e-03
5.396105320122986626e+01 4.251336806269550780e-03
5.443301005452759256e+01 4.119303805596410267e-03
5.490909476038113723e+01 3.990515530944962509e-03
5.538934342202040995e+01 3.864904099663089582e-03
5.587379245844299192e+01 3.742401015477504062e-03
5.636247860717615055e+01 3.622937591347543968e-03
5.685543892706287750e+01 3.506443958468480077e-03
5.735271080107192887e+01 3.392850071751304757e-03
5.785433193913287653e+01 3.282090496143000476e-03
5.836034038099571575e+01 3.174103269203081435e-03
5.887077449911576110e+01 3.068830216020009861e-03
5.938567300156325501e+01 2.966215616938567418e-03
5.990507493495886138e+01 2.866204725777547237e-03
6.042901968743495189e+01 2.768744187218458250e-03
6.095754699162215218e+01 2.673782212864983868e-03
6.149069692766259720e+01 2.581266577480675721e-03
6.202850992624955495e+01 2.491143419349183333e-03
6.257102677169304172e+01 2.403355650097648271e-03
6.311828860501290706e+01 2.317842658128388238e-03
6.367033692705857817e+01 2.234540819700433969e-03
6.422721360165645876e+01 2.153383060995244045e-03
6.478896085878426447e+01 2.074299534843045655e-03
6.535562129777363793e+01 1.997220615442060667e-03
6.592723789054080896e+01 1.922076743614972109e-03
6.650385398484492327e+01 1.848799432556921850e-03
6.708551330757549636e+01 1.777324550390163181e-03
6.767225996806847377e+01 1.707592092904870393e-03
6.826413846145094055e+01 1.639547465104712002e-03
6.886119367201551711e+01 1.573140569767265268e-03
6.946347087662398678e+01 1.508324937025776972e-03
7.007101574814110734e+01 1.445058862028781189e-03
7.068387435889769677e+01 1.383303928018470887e-03
7.130209318418468456e+01 1.323023551539400300e-03
7.192571910577774474e+01 1.264182728589172480e-03
7.255479941549202749e+01 1.206750906043155139e-03
7.318938181876882254e+01 1.150703271346516319e-03
7.382951443829301752e+01 1.096024346150808017e-03
7.447524581764277229e+01 1.042710650344379339e-03
7.512662492497027245e+01 9.907740234355499800e-04
7.578370115671542351e+01 9.402496949871312019e-04
7.644652434135191754e+01 8.911990390878827412e-04
7.711514474316552992e+01 8.437158116733140456e-04
7.778961306606603898e+01 7.979340277009496418e-04
7.846998045743251282e+01 7.540280523459129891e-04
7.915629851199153677e+01 7.122212524335594852e-04
7.984861927573012963e+01 6.727940059627579529e-04
8.054699524984248171e+01 6.360838274070042004e-04
8.125147939471155212e+01 6.024968388504420161e-04
8.196212513392478627e+01 5.725115456070985036e-04
8.267898635832570164e+01 5.466766233632843397e-04
8.340211743010084433e+01 5.256143966317160634e-04
8.413157318690176112e+01 5.100018582862417185e-04
8.486740894600380614e+01 5.005557537539383553e-04
8.560968050850129885e+01 4.979941121602500303e-04
8.635844416353862130e+01 5.029874110963551866e-04
8.711375669257913046e+01 5.161124334765481618e-04
8.787567537371101878e+01 5.377544495726695531e-04
8.864425798599116035e+01 5.680658550757066143e-04
8.941956281382626059e+01 6.068826857812445030e-04
9.020164865139298627e+01 6.536397563934871454e-04
9.099057480709684853e+01 7.073850788765078008e-04
9.178640110806924213e+01 7.667154937257743014e-04
9.258918790470463023e+01 8.298245365028796136e-04
9.339899607523705072e+01 8.945736603155931806e-04
9.421588703035708079e+01 9.585535651712190786e-04
9.503992271786823665e+01 1.019251451924259181e-03
9.587116562738498260e+01 1.074147269270567121e-03
9.670967879507190901e+01 1.120912626892579247e-03
9.755552580842329746e+01 1.157522953218158941e-03
9.840877081108557434e+01 1.182353353309316185e-03
9.926947850772182846e+01 1.194341348142905152e-03
1.001377141689179808e+02 1.192938534887270918e-03
1.010135436361329084e+02 1.178165660385473634e-03
1.018970333266912434e+02 1.150585458164005625e-03
1.027882502388204244e+02 1.111175653686293733e-03
1.036872619567308362e+02 1.061296203158412169e-03
1.045941366557412380e+02 1.002544931708711879e-03
1.055089431074490847e+02 9.366664089968288701e-04
1.064317506849451007e+02 8.654552838925581165e-04
1.073626293680743657e+02 7.906579371427347814e-04
1.083016497487435004e+02 7.139348310767201907e-04
1.092488830362732557e+02 6.367722975101933148e-04
1.102044010627990076e+02 5.604762801885294606e-04
1.111682762887178342e+02 4.861572480317105953e-04
1.121405818081838532e+02 4.146904827021189463e-04
1.131213913546505978e+02 3.467580488681090657e-04
1.141107793064628169e+02 2.828417872082230168e-04
1.151088206924971757e+02 2.232340733233894583e-04
1.161155911978513018e+02 1.680866286148212374e-04
1.171311671695835912e+02 1.174170443123174779e-04
1.181556256225032229e+02 7.114689651528971232e-05
1.191890442450098391e+02 2.913232743616129937e-05
1.202315014049852806e+02 -8.818678309699274758e-06
1.212830761557363957e+02 -4.292027416443859069e-05
1.223438482419903579e+02 -7.339884142046383957e-05
1.234138981059412714e+02 -1.004806007917776557e-04
1.244933068933507769e+02 -1.243873031522906784e-04
1.255821564597019915e+02 -1.453350749897270103e-04
1.266805293764061560e+02 -1.635313143457812199e-04
1.277885089370648330e+02 -1.791802481731832322e-04
1.289061791637861347e+02 -1.924845183402313145e-04
1.300336248135568553e+02 -2.036481542279845898e-04
1.311709313846692169e+02 -2.128797340872766355e-04
1.323181851232048984e+02 -2.203919327079041407e-04
1.334754730295756815e+02 -2.263958505430088567e-04
1.346428828651203276e+02 -2.310952233379088856e-04
1.358205031587601752e+02 -2.346752259204214208e-04
1.370084232137131153e+02 -2.372908767785874499e-04
1.382067331142647220e+02 -2.390677308866361592e-04
1.394155237326005476e+02 -2.400954376284556747e-04
1.406348867356967389e+02 -2.404418333430297929e-04
1.418649145922721573e+02 -2.401624690366388286e-04
1.431057005797997874e+02 -2.393146961120423233e-04
1.443573387915806734e+02 -2.379659333962212112e-04
1.456199241438798424e+02 -2.361943376486557074e-04
1.468935523831231649e+02 -2.340812443707426598e-04
1.481783200931588169e+02 -2.316974159667598715e-04
1.494743247025817539e+02 -2.290928784033714109e-04
1.507816644921213936e+02 -2.262862582702538652e-04
1.521004386020950676e+02 -2.232751833114154103e-04
1.534307470399260183e+02 -2.200426514359361645e-04
1.547726906877277600e+02 -2.165799149477830386e-04
1.561263713099535835e+02 -2.128941639925792124e-04
1.574918915611141017e+02 -2.090185052575694224e-04
1.588693549935623537e+02 -2.050015580000670351e-04
1.602588660653457566e+02 -2.008981810968087729e-04
1.616605301481277479e+02 -1.967547156850267250e-04
1.630744535351793161e+02 -1.926042671872456096e-04
1.645007434494383460e+02 -1.884677996091254639e-04
1.659395080516415533e+02 -1.843607578120803707e-04
1.673908564485262502e+02 -1.802998663044364739e-04
1.688548987011051565e+02 -1.763043516729136204e-04
1.703317458330114391e+02 -1.723895098741026885e-04
1.718215098389188427e+02 -1.685588450811731115e-04
1.733243036930349490e+02 -1.647972004846152657e-04
1.748402413576674803e+02 -1.610717211047893145e-04
1.763694377918671421e+02 -1.573435130523803661e-04
1.779120089601450729e+02 -1.535796603318023820e-04
1.794680718412674878e+02 -1.497676696839551316e-04
1.810377444371256672e+02 -1.459135922569011930e-04
1.826211457816847883e+02 -1.420398477487793245e-04
1.842183959500114554e+02 -1.381699979881563056e-04
1.858296160673782538e+02 -1.343254532658234466e-04
1.874549283184496460e+02 -1.305247710479781500e-04
1.890944559565482450e+02 -1.267948318111235403e-04
1.907483233130004976e+02 -1.231747712443539001e-04
1.924166558065658705e+02 -1.197159542258020544e-04
1.940995799529473800e+02 -1.164639991282494810e-04
1.957972233743866468e+02 -1.134456549052621099e-04
1.975097148093407213e+02 -1.106521335490035993e-04
1.992371841222453099e+02 -1.080512514459848147e-04
2.009797623133635511e+02 -1.055959832302848093e-04
2.027375815287190051e+02 -1.032489159934106229e-04
2.045107750701173757e+02 -1.009839751237798510e-04
2.062994774052558284e+02 -9.878714165296766374e-05
2.081038241779191083e+02 -9.663775559671327990e-05
2.099239522182664359e+02 -9.450465686693041150e-05
2.117599995532077344e+02 -9.234388606493620574e-05
2.136121054168713158e+02 -9.012080303325321353e-05
2.154804102611612961e+02 -8.782000490783882052e-05
2.173650557664093412e+02 -8.545981538349387441e-05
2.192661848521192667e+02 -8.307097336065935545e-05
2.211839416878039515e+02 -8.068479184187799869e-05
2.231184717039190559e+02 -7.831237698643091466e-05
2.250699216028911280e+02 -7.595660530088571083e-05
2.270384393702434807e+02 -7.362172803110788482e-05
2.290241742858170824e+02 -7.133126021858422782e-05
2.310272769350916633e+02 -6.911871566163153022e-05
2.330478992206059843e+02 -6.701573897847287731e-05
2.350861943734755073e+02 -6.502926697995737833e-05
2.371423169650134639e+02 -6.314274064435841086e-05
2.392164229184530200e+02 -6.131948213901295894e-05
2.413086695207702235e+02 -5.952671516394396030e-05
2.434192154346125108e+02 -5.774302059657965074e-05
2.455482207103303267e+02 -5.596616288598103562e-05
2.476958467981150704e+02 -5.420115831251253195e-05
2.498622565602412351e+02 -5.245673890466657943e-05
2.520476142834173743e+02 -5.074561503357674365e-05
2.542520856912454406e+02 -4.908767632068694690e-05
2.564758379567866200e+02 -4.750962810455208870e-05
2.587190397152394894e+02 -4.602489533967597351e-05
2.609818610767289897e+02 -4.462825660038418387e-05
2.632644736392048799e+02 -4.329097345316220211e-05
2.655670505014557534e+02 -4.198958475916052773e-05
2.678897662762352070e+02 -4.071349460642949741e-05
2.702327971035044243e+02 -3.947302608435365728e-05
2.725963206637878216e+02 -3.827719312009681806e-05
2.749805161916481211e+02 -3.712657464055872571e-05
2.773855644892790906e+02 -3.600518910297282845e-05
2.798116479402149821e+02 -3.489804608330130217e-05
2.822589505231620706e+02 -3.379905712500263078e-05
2.847276578259501321e+02 -3.272189556341636090e-05
2.872179570596074996e+02 -3.168073406260706753e-05
2.897300370725558878e+02 -3.068085282304420337e-05
2.922640883649324905e+02 -2.971551884706345018e-05
2.948203031030373040e+02 -2.878083110384028852e-05
2.973988751339038004e+02 -2.788528457521986277e-05
3.000000000000001137e+02 -2.703371418713572088e-05
