# r [Mpc/h],	corr(r)		(z=0.24703695736325737)
4.999999999999999584e-02 2.716621317944373004e+01
5.043731249234302549e-02 2.706998155143082840e+01
5.087844982900527335e-02 2.697352475942170713e+01
5.132344546303071325e-02 2.687684864133188967e+01
5.177233314005213333e-02 2.677995914339044248e+01
5.222514690084993638e-02 2.668286231973615941e+01
5.268192108393376927e-02 2.658556433242483763e+01
5.314269032814648158e-02 2.648807145075988956e+01
5.360748957529079539e-02 2.639039005123777315e+01
5.407635407277928963e-02 2.629252661672580871e+01
5.454931937630712324e-02 2.619448773630210781e+01
5.502642135254850325e-02 2.609628010392771102e+01
5.550769618187654381e-02 2.599791051844294998e+01
5.599318036110687014e-02 2.589938588193399482e+01
5.648291070626547394e-02 2.580071319928174489e+01
5.697692435538039002e-02 2.570189957674301695e+01
5.747525877129822797e-02 2.560295222079730593e+01
5.797795174452500394e-02 2.550387843688440626e+01
5.848504139609184832e-02 2.540468562772366568e+01
5.899656618044608891e-02 2.530538129204796860e+01
5.951256488836711989e-02 2.520597302236637915e+01
6.003307664990831238e-02 2.510646850351622561e+01
6.055814093736414799e-02 2.500687551040391554e+01
6.108779756826373392e-02 2.490720190581487259e+01
6.162208670839024877e-02 2.480745563800337550e+01
6.216104887482674229e-02 2.470764473834969976e+01
6.270472493902892741e-02 2.460777731843882066e+01
6.325315612992435388e-02 2.450786156738831778e+01
6.380638403703915718e-02 2.440790574852326245e+01
6.436445061365186904e-02 2.430791819635487627e+01
6.492739817997479623e-02 2.420790731298257015e+01
6.549526942636349491e-02 2.410788156437774887e+01
6.606810741655391728e-02 2.400784947658212332e+01
6.664595559092832688e-02 2.390781963153676770e+01
6.722885776980939976e-02 2.380780066275292484e+01
6.781685815678321905e-02 2.370780125064993626e+01
6.841000134205159344e-02 2.360783011774583429e+01
6.900833230581324140e-02 2.350789602357235708e+01
6.961189642167510405e-02 2.340800775919251464e+01
7.022073946009285694e-02 2.330817414165903756e+01
7.083490759184214725e-02 2.320840400797078473e+01
7.145444739151972369e-02 2.310870620885452809e+01
7.207940584107530579e-02 2.300908960215656407e+01
7.270983033337462265e-02 2.290956304604605975e+01
7.334576867579320480e-02 2.281013539167906856e+01
7.398726909384173434e-02 2.271081547569519898e+01
7.463438023482342476e-02 2.261161211230864865e+01
7.528715117152279257e-02 2.251253408493812458e+01
7.594563140592733297e-02 2.241359013761348251e+01
7.660987087298117004e-02 2.231478896583303140e+01
7.727991994437198586e-02 2.221613920712707113e+01
7.795582943235089546e-02 2.211764943112257242e+01
7.863765059358548970e-02 2.201932812919039861e+01
7.932543513304711469e-02 2.192118370366461022e+01
8.001923520793173539e-02 2.182322445658451215e+01
8.071910343161500800e-02 2.172545857790328228e+01
8.142509287764254644e-02 2.162789413325117494e+01
8.213725708375424484e-02 2.153053905118508737e+01
8.285565005594462684e-02 2.143340110984718194e+01
8.358032627255797264e-02 2.133648792312874320e+01
8.431134068841988904e-02 2.123980692622546940e+01
8.504874873900464261e-02 2.114336536061750849e+01
8.579260634463885260e-02 2.104717025844774980e+01
8.654296991474247358e-02 2.095122842624209625e+01
8.729989635210615162e-02 2.085554642800991587e+01
8.806344305720671672e-02 2.076013056765134479e+01
8.883366793255988159e-02 2.066498687068070694e+01
8.961062938711110426e-02 2.057012106522464023e+01
9.039438634066525313e-02 2.047553856229075109e+01
9.118499822835436641e-02 2.038124443526011476e+01
9.198252500514510210e-02 2.028724339859988390e+01
9.278702715038525395e-02 2.019353978575280451e+01
9.359856567238997171e-02 2.010013752619483540e+01
9.441720211306853239e-02 2.000704012161588707e+01
9.524299855259096836e-02 1.991425062121042799e+01
9.607601761409616248e-02 1.982177159604087535e+01
9.691632246844043841e-02 1.972960511244730597e+01
9.776397683898832569e-02 1.963775270447264276e+01
9.861904500644487481e-02 1.954621534527169047e+01
9.948159181373003590e-02 1.945499341747213862e+01
1.003516826708963500e-01 1.936408668245415043e+01
1.012293835600889119e-01 1.927349425340571187e+01
1.021147610405491457e-01 1.918321497602010695e+01
1.030078822536623084e-01 1.909324781397785031e+01
1.039088149280488482e-01 1.900359182039443695e+01
1.048176273847007955e-01 1.891424599367963921e+01
1.057343885421625496e-01 1.882520928827648277e+01
1.066591679217573502e-01 1.873648073809919623e+01
1.075920356528593663e-01 1.864805936978191170e+01
1.085330624782116088e-01 1.855994416761440391e+01
1.094823197592910136e-01 1.847213415485067856e+01
1.104398794817196966e-01 1.838462837758551061e+01
1.114058142607240176e-01 1.829742584911808123e+01
1.123801973466413001e-01 1.821052558480429440e+01
1.133631026304745271e-01 1.812392665169785744e+01
1.143546046494959972e-01 1.803762808726047240e+01
1.153547785928994845e-01 1.795162890253963184e+01
1.163637003075023019e-01 1.786592818648458802e+01
1.173814463034969641e-01 1.778052499605852077e+01
1.184080937602532135e-01 1.769541834260891022e+01
1.194437205321709217e-01 1.761060733631992292e+01
1.204884051545839219e-01 1.752609104972663800e+01
1.215422268497157177e-01 1.744186849997639754e+01
1.226052655326871771e-01 1.735793881617600931e+01
1.236776018175767544e-01 1.727430108333933489e+01
1.247593170235338916e-01 1.719095433071248991e+01
1.258504931809454053e-01 1.710789770237415297e+01
1.269512130376566350e-01 1.702513029369895392e+01
1.280615600652460495e-01 1.694265115283154444e+01
1.291816184653554467e-01 1.686045943347791365e+01
1.303114731760753320e-01 1.677855424084610192e+01
1.314512098783857663e-01 1.669693464727034282e+01
1.326009150026542793e-01 1.661559981132455022e+01
1.337606757351898490e-01 1.653454884878145847e+01
1.349305800248547516e-01 1.645378085900429355e+01
1.361107165897340321e-01 1.637329500219101419e+01
1.373011749238630674e-01 1.629309040631212113e+01
1.385020453040147481e-01 1.621316619829632089e+01
1.397134187965448915e-01 1.613352153809076128e+01
1.409353872642985506e-01 1.605415556839226809e+01
1.421680433735762472e-01 1.597506744207482754e+01
1.434114806011608789e-01 1.589625631820026008e+01
1.446657932414068815e-01 1.581772135758907893e+01
1.459310764133905369e-01 1.573946173543252591e+01
1.472074260681233981e-01 1.566147661071374664e+01
1.484949389958285237e-01 1.558376516566493386e+01
1.497937128332803569e-01 1.550632659324038976e+01
1.511038460712091636e-01 1.542916005468321927e+01
1.524254380617695859e-01 1.535226475526635248e+01
1.537585890260750321e-01 1.527563990186552623e+01
1.551034000617979025e-01 1.519928466128340716e+01
1.564599731508359570e-01 1.512319826171038351e+01
1.578284111670463230e-01 1.504737992098432642e+01
1.592088178840464219e-01 1.497182881560338075e+01
1.606012979830836740e-01 1.489654419485618320e+01
1.620059570609738708e-01 1.482152528547627668e+01
1.634229016381089361e-01 1.474677127856358538e+01
1.648522391665347975e-01 1.467228144104841370e+01
1.662940780380997852e-01 1.459805500749836504e+01
1.677485275926743902e-01 1.452409118889513095e+01
1.692156981264429649e-01 1.445038926511583455e+01
1.706957009002678383e-01 1.437694847898765005e+01
1.721886481481265663e-01 1.430376806516327370e+01
1.736946530856233184e-01 1.423084731240766132e+01
1.752138299185740100e-01 1.415818547326403376e+01
1.767462938516672633e-01 1.408578180781521283e+01
1.782921610972006410e-01 1.401363561084605536e+01
1.798515488838934862e-01 1.394174614686714975e+01
1.814245754657769216e-01 1.387011270122911810e+01
1.830113601311612881e-01 1.379873457297154005e+01
1.846120232116822690e-01 1.372761104159574685e+01
1.862266860914261191e-01 1.365674141573913936e+01
1.878554712161346896e-01 1.358612499796940654e+01
1.894985021024907235e-01 1.351576108650295893e+01
1.911559033474850289e-01 1.344564900960689435e+01
1.928278006378645049e-01 1.337578807398599068e+01
1.945143207596639612e-01 1.330617759981739390e+01
1.962155916078204276e-01 1.323681693090767730e+01
1.979317421958720069e-01 1.316770537998467461e+01
1.996629026657415762e-01 1.309884229075421835e+01
2.014092042976056152e-01 1.303022701929495675e+01
2.031707795198499367e-01 1.296185888705956124e+01
2.049477619191120426e-01 1.289373726117877084e+01
2.067402862504114924e-01 1.282586150760375254e+01
2.085484884473691458e-01 1.275823095995495393e+01
2.103725056325150278e-01 1.269084500707916874e+01
2.122124761276871496e-01 1.262370302324804427e+01
2.140685394645209239e-01 1.255680435838399411e+01
2.159408363950301724e-01 1.249014841980180890e+01
2.178295089022811992e-01 1.242373458952821252e+01
2.197347002111595671e-01 1.235756223807664433e+01
2.216565547992314644e-01 1.229163078699767198e+01
2.235952184076999694e-01 1.222593962684018543e+01
2.255508380524571255e-01 1.216048815150138296e+01
2.275235620352327459e-01 1.209527579322342561e+01
2.295135399548406396e-01 1.203030195268810409e+01
2.315209227185231755e-01 1.196556604820232650e+01
2.335458625533951560e-01 1.190106752013618419e+01
2.355885130179877773e-01 1.183680578161044217e+01
2.376490290138934813e-01 1.177278027468579502e+01
2.397275667975128921e-01 1.170899044621548413e+01
2.418242839919040044e-01 1.164543572473025002e+01
2.439393395987354274e-01 1.158211557378775503e+01
2.460728940103442119e-01 1.151902944597406631e+01
2.482251090218988154e-01 1.145617678873579059e+01
2.503961478436685928e-01 1.139355708344621831e+01
2.525861751134008126e-01 1.133116978890249626e+01
2.547953569088056147e-01 1.126901437421373942e+01
2.570238607601501024e-01 1.120709033479909245e+01
2.592718556629631799e-01 1.114539713717403480e+01
2.615395120908506343e-01 1.108393427325079017e+01
2.638270020084232947e-01 1.102270124952159591e+01
2.661344988843372672e-01 1.096169754241087091e+01
2.684621777044488011e-01 1.090092266621560135e+01
2.708102149850842855e-01 1.084037613631343255e+01
2.731787887864258746e-01 1.078005744186110171e+01
2.755680787260147979e-01 1.071996611762707374e+01
2.779782659923719645e-01 1.066010168644160139e+01
2.804095333587384165e-01 1.060046365360383369e+01
2.828620651969356303e-01 1.054105157101175294e+01
2.853360474913470002e-01 1.048186496845411853e+01
2.878316678530221107e-01 1.042290337067606032e+01
2.903491155339033569e-01 1.036416634264842074e+01
2.928885814411779642e-01 1.030565342175754218e+01
2.954502581517551296e-01 1.024736415401745759e+01
2.980343399268699511e-01 1.018929811409555164e+01
3.006410227268145885e-01 1.013145484829329313e+01
3.032705042257990979e-01 1.007383392412710421e+01
3.059229838269413859e-01 1.001643492339480090e+01
3.085986626773890018e-01 9.959257403216273730e+00
3.112977436835726031e-01 9.902300951324498612e+00
3.140204315265931467e-01 9.845565154842905287e+00
3.167669326777438066e-01 9.789049584166809481e+00
3.195374554141671153e-01 9.732753844507847418e+00
3.223322098346496078e-01 9.676677527283873204e+00
3.251514078755542436e-01 9.620820218968351156e+00
3.279952633268924389e-01 9.565181538303129116e+00
3.308639918485362652e-01 9.509761081068466737e+00
3.337578109865733111e-01 9.454558451648193085e+00
3.366769401898032643e-01 9.399573278502815654e+00
3.396216008263799324e-01 9.344805162641730334e+00
3.425920162005983705e-01 9.290253726682028201e+00
3.455884115698285020e-01 9.235918605697248651e+00
3.486110141615980096e-01 9.181799407353150144e+00
3.516600531908229410e-01 9.127895771372363853e+00
3.547357598771902487e-01 9.074207337011959140e+00
3.578383674626922639e-01 9.020733720544551915e+00
3.609681112293136596e-01 8.967474576280297427e+00
3.641252285168747327e-01 8.914429545880645733e+00
3.673099587410286748e-01 8.861598256646740168e+00
3.705225434114178817e-01 8.808980373645200146e+00
3.737632261499884700e-01 8.756575540041273698e+00
3.770322527094649989e-01 8.704383396229824044e+00
3.803298709919867848e-01 8.652403613743938848e+00
3.836563310679070860e-01 8.600635837282313290e+00
3.870118851947569882e-01 8.549079720973082885e+00
3.903967878363749366e-01 8.497734939163862578e+00
3.938112956822038546e-01 8.446601138667658049e+00
3.972556676667562958e-01 8.395677986545841520e+00
4.007301649892513473e-01 8.344965156990179267e+00
4.042350511334211194e-01 8.294462300008124345e+00
4.077705918874925950e-01 8.244169093420541827e+00
4.113370553643429517e-01 8.194085208940180109e+00
4.149347120218314644e-01 8.144210301325692569e+00
4.185638346833097101e-01 8.094544055674660399e+00
4.222246985583101297e-01 8.045086139606162590e+00
4.259175812634166114e-01 7.995836214366423889e+00
4.296427628433171497e-01 7.946793967878653220e+00
4.334005257920404142e-01 7.897959063049500905e+00
4.371911550743783903e-01 7.849331168289904959e+00
4.410149381474965935e-01 7.800909970213844247e+00
4.448721649827325209e-01 7.752695127053987001e+00
4.487631280875854500e-01 7.704686313712998391e+00
4.526881225278983067e-01 7.656883212016123430e+00
4.566474459502335992e-01 7.609285476079324262e+00
4.606413986044452513e-01 7.561892785342104517e+00
4.646702833664471677e-01 7.514704813999587785e+00
4.687344057611818049e-01 7.467721213112680445e+00
4.728340739857889719e-01 7.420941663489213802e+00
4.769695989329776897e-01 7.374365829492845137e+00
4.811412942146025551e-01 7.327993360637714559e+00
4.853494761854454942e-01 7.281823934833596468e+00
4.895944639672064613e-01 7.235857205325572750e+00
4.938765794727035807e-01 7.190092821129269396e+00
4.981961474302847859e-01 7.144530452861184600e+00
5.025534954084537320e-01 7.099169742221663526e+00
5.069489538407092599e-01 7.054010337554448284e+00
5.113828560506047394e-01 7.009051898486996279e+00
5.158555382770246833e-01 6.964294055338426936e+00
5.203673396996824074e-01 6.919736454435009065e+00
5.249186024648422322e-01 6.875378741440206554e+00
5.295096717112647289e-01 6.831220536038667746e+00
5.341408955963805605e-01 6.787261480099649802e+00
5.388126253226926954e-01 6.743501203065008553e+00
5.435252151644078822e-01 6.699939315321824296e+00
5.482790224943048241e-01 6.656575450826538898e+00
5.530744078108325024e-01 6.613409221392860360e+00
5.579117347654508619e-01 6.570440229648626840e+00
5.627913701902049759e-01 6.527668097641284639e+00
5.677136841255455701e-01 6.485092419234765870e+00
5.726790498483895764e-01 6.442712789963726649e+00
5.776878439004263788e-01 6.400528816592133907e+00
5.827404461166740823e-01 6.358540075486580179e+00
5.878372396542814737e-01 6.316746154767511001e+00
5.929786110215867767e-01 6.275146643365969723e+00
5.981649501074263187e-01 6.233741101324209666e+00
6.033966502107007690e-01 6.192529108119202874e+00
6.086741080702026130e-01 6.151510233132742478e+00
6.139977238946997540e-01 6.110684021989941428e+00
6.193679013932865685e-01 6.070050043461430178e+00
6.247850478059983059e-01 6.029607846537230920e+00
6.302495739346922754e-01 5.989356964984783538e+00
6.357618941742029239e-01 5.949296954137071047e+00
6.413224265437639238e-01 5.909427342921893533e+00
6.469315927187105908e-01 5.869747655506561301e+00
6.525898180624563061e-01 5.830257431416140612e+00
6.582975316587478254e-01 5.790956180876461801e+00
6.640551663442072483e-01 5.751843419894365539e+00
6.698631587411523203e-01 5.712918670758001305e+00
6.757219492907097225e-01 5.674181427192812599e+00
6.816319822862143551e-01 5.635631197718355523e+00
6.875937059069004986e-01 5.597267486896617683e+00
6.936075722518914022e-01 5.559089774989497634e+00
6.996740373744808617e-01 5.521097562983467988e+00
7.057935613167202193e-01 5.483290338151498133e+00
7.119666081443017935e-01 5.445667571144888974e+00
7.181936459817538365e-01 5.408228754693556795e+00
7.244751470479383615e-01 5.370973360296218857e+00
7.308115876918607201e-01 5.333900853104644568e+00
7.372034484287950384e-01 5.297010716745957914e+00
7.436512139767206264e-01 5.260302409629476372e+00
7.501553732930822393e-01 5.223775394819136331e+00
7.567164196118689734e-01 5.187429146796255885e+00
7.633348504810161250e-01 5.151263114394728504e+00
7.700111678001395621e-01 5.115276761202377287e+00
7.767458778585925039e-01 5.079469553353028743e+00
7.835394913738629175e-01 5.043840934348962080e+00
7.903925235303012053e-01 5.008390370094565114e+00
7.973054940181879546e-01 4.973117319939990288e+00
8.042789270731460771e-01 4.938021226944186992e+00
8.113133515158927889e-01 4.903101560266732939e+00
8.184093007923447516e-01 4.868357774766092660e+00
8.255673130140694926e-01 4.833789318320374839e+00
8.327879309990919854e-01 4.799395663544845370e+00
8.400717023130606087e-01 4.765176263987623173e+00
8.474191793107682669e-01 4.731130576880711480e+00
8.548309191780417704e-01 4.697258078674202864e+00
8.623074839739949260e-01 4.663558225329182072e+00
8.698494406736493323e-01 4.630030486782281685e+00
8.774573612109335397e-01 4.596674344122146039e+00
8.851318225220513591e-01 4.563489259718719993e+00
8.928734065892364180e-01 4.530474718294095204e+00
9.006827004848838580e-01 4.497630206662691421e+00
9.085602964160698347e-01 4.464955197715918978e+00
9.165067917694630362e-01 4.432449191687254597e+00
9.245227891566234479e-01 4.400111682347642272e+00
9.326088964597037956e-01 4.367942157155742855e+00
9.407657268775458936e-01 4.335940131172483447e+00
9.489938989721803386e-01 4.304105106557943650e+00
9.572940367157379837e-01 4.272436588520250211e+00
9.656667695377636473e-01 4.240934105431665380e+00
9.741127323729521503e-01 4.209597169353478385e+00
9.826325657092941368e-01 4.178425304728791367e+00
9.912269156366493306e-01 4.147418051545936457e+00
9.998964338957411213e-01 4.116574932992596914e+00
1.008641777927578254e+00 4.085895492462743306e+00
1.017463610923315054e+00 4.055379279639218737e+00
1.026362601874539315e+00 4.025025829665048960e+00
1.035339425624008047e+00 3.994834702846242092e+00
1.044394762916821540e+00 3.964805456358136304e+00
1.053529300452044737e+00 3.934937637678350697e+00
1.062743730934787134e+00 3.905230820301164751e+00
1.072038753128727651e+00 3.875684566483077909e+00
1.081415071909108461e+00 3.846298435725442388e+00
1.090873398316186904e+00 3.817072009673966981e+00
1.100414449609154355e+00 3.788004853296142560e+00
1.110038949320532264e+00 3.759096536322703130e+00
1.119747627311036275e+00 3.730346643252976158e+00
1.129541219824927945e+00 3.701754739294223384e+00
1.139420469545845194e+00 3.673320401149881675e+00
1.149386125653120372e+00 3.645043210981944615e+00
1.159438943878598360e+00 3.616922731765550569e+00
1.169579686563940735e+00 3.588958542759393300e+00
1.179809122718441960e+00 3.561150218912794152e+00
1.190128028077343636e+00 3.533497318733115122e+00
1.200537185160659659e+00 3.505999418808722012e+00
1.211037383332522310e+00 3.478656082587912923e+00
1.221629418861036820e+00 3.451466862357025711e+00
1.232314094978671282e+00 3.424431326426939926e+00
1.243092221943162823e+00 3.397549023538066759e+00
1.253964617098966672e+00 3.370819498149418170e+00
1.264932104939237911e+00 3.344242305347319810e+00
1.275995517168351912e+00 3.317816977270611645e+00
1.287155692764981207e+00 3.291543048965262841e+00
1.298413478045712610e+00 3.265420058807013248e+00
1.309769726729231865e+00 3.239447521868508595e+00
1.321225300001060754e+00 3.213624962552298125e+00
1.332781066578863527e+00 3.187951900731052834e+00
1.344437902778328420e+00 3.162427835604678883e+00
1.356196692579616947e+00 3.137052280303550322e+00
1.368058327694404275e+00 3.111824736233058886e+00
1.380023707633498686e+00 3.086744689706621081e+00
1.392093739775052352e+00 3.061811642661623534e+00
1.404269339433376285e+00 3.037025080024702284e+00
1.416551429928346595e+00 3.012384479671863513e+00
1.428940942655427593e+00 2.987889333398108693e+00
1.441438817156301289e+00 2.963539113601306063e+00
1.454046001190113513e+00 2.939333294712570321e+00
1.466763450805351754e+00 2.915271360910121512e+00
1.479592130412338724e+00 2.891352777461140278e+00
1.492533012856373853e+00 2.867577020441256952e+00
1.505587079491504277e+00 2.843943570093590889e+00
1.518755320254942198e+00 2.820451890907390347e+00
1.532038733742141501e+00 2.797101465280571908e+00
1.545438327282518509e+00 2.773891773804138872e+00
1.558955117015845770e+00 2.750822286896627222e+00
1.572590127969309082e+00 2.727892496927332378e+00
1.586344394135235092e+00 2.705101889113497471e+00
1.600218958549509463e+00 2.682449946089513926e+00
1.614214873370666714e+00 2.659936172269318888e+00
1.628333199959685063e+00 2.637560061329269345e+00
1.642575008960471372e+00 2.615321112598114173e+00
1.656941380381049100e+00 2.593218843187971689e+00
1.671433403675464779e+00 2.571252757917406040e+00
1.686052177826399268e+00 2.549422374621549636e+00
1.700798811428513302e+00 2.527727222284004593e+00
1.715674422772510699e+00 2.506166817883245468e+00
1.730680139929947403e+00 2.484740696667358861e+00
1.745817100838775504e+00 2.463448397026073433e+00
1.761086453389633322e+00 2.442289447328380270e+00
1.776489355512901769e+00 2.421263396356271969e+00
1.792026975266506117e+00 2.400369787959040657e+00
1.807700490924500913e+00 2.379608159560312242e+00
1.823511091066420065e+00 2.358978067324750683e+00
1.839459974667408515e+00 2.338479055749159929e+00
1.855548351189150624e+00 2.318110667611552600e+00
1.871777440671581250e+00 2.297872459270921652e+00
1.888148473825412399e+00 2.277763971017807698e+00
1.904662692125459023e+00 2.257784746288598043e+00
1.921321347904782595e+00 2.237934334989990948e+00
1.938125704449665809e+00 2.218212269079660182e+00
1.955077036095405507e+00 2.198618088051660369e+00
1.972176628322955594e+00 2.179151330275578058e+00
1.989425777856408395e+00 2.159811516938085596e+00
2.006825792761325555e+00 2.140598180118276073e+00
2.024377992543941573e+00 2.121510843918882117e+00
2.042083708251217100e+00 2.102549018776445955e+00
2.059944282571785745e+00 2.083712227676452144e+00
2.077961069937772187e+00 2.064999980542929325e+00
2.096135436627497572e+00 2.046411779750906046e+00
2.114468760869101072e+00 2.027947139541863120e+00
2.132962432945044284e+00 2.009605558638796197e+00
2.151617855297550452e+00 1.991386535820126369e+00
2.170436442634949170e+00 1.973289579081698220e+00
2.189419622038966118e+00 1.955314181003668494e+00
2.208568833072939164e+00 1.937459841962965834e+00
2.227885527890984374e+00 1.919726067509121226e+00
2.247371171348125252e+00 1.902112350031965216e+00
2.267027241111367886e+00 1.884618196157317183e+00
2.286855227771767307e+00 1.867243112789787718e+00
2.306856634957459740e+00 1.849986597640788988e+00
2.327032979447686056e+00 1.832848166363204800e+00
2.347385791287821100e+00 1.815827329823410663e+00
2.367916613905395096e+00 1.798923594928261149e+00
2.388627004227144024e+00 1.782136486352354110e+00
2.409518532797074286e+00 1.765465519729023658e+00
2.430592783895558551e+00 1.748910212329914726e+00
2.451851355659486753e+00 1.732470095325467918e+00
2.473295860203448715e+00 1.716144688067309243e+00
2.494927923741994125e+00 1.699933516484641860e+00
2.516749186712952113e+00 1.683836114246859861e+00
2.538761303901827304e+00 1.667852002113724863e+00
2.560965944567295427e+00 1.651980711186425310e+00
2.583364792567782509e+00 1.636221773396476342e+00
2.605959546489163614e+00 1.620574708635654337e+00
2.628751919773570922e+00 1.605039049458945932e+00
2.651743640849325345e+00 1.589614322965597237e+00
2.674936453262018787e+00 1.574300047314099782e+00
2.698332115806723941e+00 1.559095753890751279e+00
2.721932402661377370e+00 1.544000964060145753e+00
2.745739103521321223e+00 1.529015195453146125e+00
2.769754023735013782e+00 1.514137977448542616e+00
2.793978984440949276e+00 1.499368827227554268e+00
2.818415822705747864e+00 1.484707264476261779e+00
2.843066391663477521e+00 1.470152817494115194e+00
2.867932560656180296e+00 1.455705002302756457e+00
2.893016215375626476e+00 1.441363343380051454e+00
2.918319258006322414e+00 1.427127369379460164e+00
2.943843607369750703e+00 1.412996598180048524e+00
2.969591199069891552e+00 1.398970560403451247e+00
2.995563985639995153e+00 1.385048785573813834e+00
3.021763936690660568e+00 1.371230795117610146e+00
3.048193039059191811e+00 1.357516124742476959e+00
3.074853296960264881e+00 1.343904303787754051e+00
3.101746732137924401e+00 1.330394857165956513e+00
3.128875384018885875e+00 1.316987322457069842e+00
3.156241309867207523e+00 1.303681226859932485e+00
3.183846584940290381e+00 1.290476097434063441e+00
3.211693302646251968e+00 1.277371470133296105e+00
3.239783574702686852e+00 1.264366868590613535e+00
3.268119531296791891e+00 1.251461820901522914e+00
3.296703321246918783e+00 1.238655859597217246e+00
3.325537112165521503e+00 1.225948505283653400e+00
3.354623090623528814e+00 1.213339287599180416e+00
3.383963462316171622e+00 1.200827736349846520e+00
3.413560452230236741e+00 1.188413372022972370e+00
3.443416304812804807e+00 1.176095727733208030e+00
3.473533284141453237e+00 1.163874332919496712e+00
3.503913674095940678e+00 1.151748711945626225e+00
3.534559778531416896e+00 1.139718402924659646e+00
3.565473921453117256e+00 1.127782936983733553e+00
3.596658447192612407e+00 1.115941844956807039e+00
3.628115720585582515e+00 1.104194669190469824e+00
3.659848127151147157e+00 1.092540942554238059e+00
3.691858073272777929e+00 1.080980201700490584e+00
3.724147986380771158e+00 1.069511990090872278e+00
3.756720315136342414e+00 1.058135840349804679e+00
3.789577529617301987e+00 1.046851292016172552e+00
3.822722121505384152e+00 1.035657886054333732e+00
3.856156604275193356e+00 1.024555153069339974e+00
3.889883513384805980e+00 1.013542633224343570e+00
3.923905406468055634e+00 1.002619863699208747e+00
3.958224863528472692e+00 9.917863742284365181e-01
3.992844487134948661e+00 9.810417062596963333e-01
4.027766902619092981e+00 9.703853954550802907e-01
4.062994758274315998e+00 9.598169750804400602e-01
4.098530725556670085e+00 9.493359905136677934e-01
4.134377499287423596e+00 9.389419798246857463e-01
4.170537797857430284e+00 9.286344839999998158e-01
4.207014363433270177e+00 9.184130536117219856e-01
4.243809962165189020e+00 9.082772307786605159e-01
4.280927384396884250e+00 8.982265641232493047e-01
4.318369444877086849e+00 8.882606066250283705e-01
4.356138982973030593e+00 8.783789019277962185e-01
4.394238862885764263e+00 8.685810017136467165e-01
4.432671973867348569e+00 8.588664561844950862e-01
4.471441230439971548e+00 8.492348067748681784e-01
4.510549572616953995e+00 8.396856039184780185e-01
4.549999966125712447e+00 8.302183926338965181e-01
4.589795402632657506e+00 8.208327126466793411e-01
4.629938899970055033e+00 8.115281140018580919e-01
4.670433502364894629e+00 8.023041401093820024e-01
4.711282280669726319e+00 7.931603349990431484e-01
4.752488332595551590e+00 7.840962532332803603e-01
4.794054782946725268e+00 7.751114427413676733e-01
4.835984783857914415e+00 7.662054573644639932e-01
4.878281515033154214e+00 7.573778583074610715e-01
4.920948183986956437e+00 7.486281994314427646e-01
4.963988026287561972e+00 7.399560424776012724e-01
5.007404305802300115e+00 7.313609503510887233e-01
5.051200314945095471e+00 7.228424775448647477e-01
5.095379374926143790e+00 7.144001861081337168e-01
5.139944836003791373e+00 7.060336337590259470e-01
5.184900077738563873e+00 6.977423710565470172e-01
5.230248509249470601e+00 6.895259569081445550e-01
5.275993569472539058e+00 6.813839440672098124e-01
5.322138727421578785e+00 6.733158833806736077e-01
5.368687482451264259e+00 6.653213359464902332e-01
5.415643364522493286e+00 6.573998573608433871e-01
5.463009934470102635e+00 6.495510076212324124e-01
5.510790784272862730e+00 6.417743558845313556e-01
5.558989537325888186e+00 6.340694654511004336e-01
5.607609848715426892e+00 6.264359067028819616e-01
5.656655405496011646e+00 6.188732534452507927e-01
5.706129926970072042e+00 6.113810718097614227e-01
5.756037164970003950e+00 6.039589344705682539e-01
5.806380904142650401e+00 5.966064117204290529e-01
5.857164962236325323e+00 5.893230664838311483e-01
5.908393190390319738e+00 5.821084694036076090e-01
5.960069473426965914e+00 5.749621869605423541e-01
6.012197730146208841e+00 5.678837829832045214e-01
6.064781913622793397e+00 5.608728317505586869e-01
6.117826011506062756e+00 5.539289034101124720e-01
6.171334046322320965e+00 5.470515707667102934e-01
6.225310075779896479e+00 5.402404156459962303e-01
6.279758193076843575e+00 5.334950139690711746e-01
6.334682527211366931e+00 5.268149459112777544e-01
6.390087243294903629e+00 5.201997952413158766e-01
6.445976542867994930e+00 5.136491379835931292e-01
6.502354664218924718e+00 5.071625554635855737e-01
6.559225882705086441e+00 5.007396293389781983e-01
6.616594511077217078e+00 4.943799354058013851e-01
6.674464899806468843e+00 4.880830585366589536e-01
6.732841437414281316e+00 4.818485828742555821e-01
6.791728550805206766e+00 4.756760904877013196e-01
6.851130705602602511e+00 4.695651736487572725e-01
6.911052406487304900e+00 4.635154207413309524e-01
6.971498197539194308e+00 4.575264195925548005e-01
7.032472662581806588e+00 4.515977646450913818e-01
7.093980425529968770e+00 4.457290435451303767e-01
7.156026150740395941e+00 4.399198453355852578e-01
7.218614543365436731e+00 4.341697640337286446e-01
7.281750349709896319e+00 4.284783879362194514e-01
7.345438357590928113e+00 4.228453117901227465e-01
7.409683396701135294e+00 4.172701343631898818e-01
7.474490338974814740e+00 4.117524502178345758e-01
7.539864098957439253e+00 4.062918619926161323e-01
7.605809634178299028e+00 4.008879714975934205e-01
7.672331945526479124e+00 3.955403758915438939e-01
7.739436077630108102e+00 3.902486790688524110e-01
7.807127119238871593e+00 3.850124811831107663e-01
7.875410203609940929e+00 3.798313806243018842e-01
7.944290508897225322e+00 3.747049843096433297e-01
8.013773258544087952e+00 3.696328957413301808e-01
8.083863721679408698e+00 3.646147211584221948e-01
8.154567213517186275e+00 3.596500733696578189e-01
8.225889095759630010e+00 3.547385596111149453e-01
8.297834777003714635e+00 3.498797899577406612e-01
8.370409713151353515e+00 3.450733764801272585e-01
8.443619407823168999e+00 3.403189253400960013e-01
8.517469412775797721e+00 3.356160488278965293e-01
8.591965328322931583e+00 3.309643615398043526e-01
8.667112803760003814e+00 3.263634757980958812e-01
8.742917537792617821e+00 3.218130132583930103e-01
8.819385278968656650e+00 3.173125943151758332e-01
8.896521826114238252e+00 3.128618367858775340e-01
8.974333028773486376e+00 3.084603639265852681e-01
9.052824787652077987e+00 3.041077941010920660e-01
9.132003055064730646e+00 2.998037450477434862e-01
9.211873835386626297e+00 2.955478418391069284e-01
9.292443185508680870e+00 2.913397068766473419e-01
9.373717215296903049e+00 2.871789676971560623e-01
9.455702088055703669e+00 2.830652571857300015e-01
9.538404020995326249e+00 2.789982034319470339e-01
9.621829285703256573e+00 2.749774377646780898e-01
9.705984208619852893e+00 2.710025917528110506e-01
9.790875171518131026e+00 2.670732923385878421e-01
9.876508611987658171e+00 2.631891737554182265e-01
9.962891023922779254e+00 2.593498718582400997e-01
1.005002895801504792e+01 2.555550219048118854e-01
1.013792902225003800e+01 2.518042669758880914e-01
1.022659788240838097e+01 2.480972470566502608e-01
1.031604226257129575e+01 2.444336003280503100e-01
1.040626894563052396e+01 2.408129702316569587e-01
1.049728477380264025e+01 2.372349971977979477e-01
1.058909664914795989e+01 2.336993249349043344e-01
1.068171153409396723e+01 2.302056037894866791e-01
1.077513645196325243e+01 2.267534807517320172e-01
1.086937848750614322e+01 2.233426060418481907e-01
1.096444478743795869e+01 2.199726312846996545e-01
1.106034256098100599e+01 2.166432039683618971e-01
1.115707908041121854e+01 2.133539778407591014e-01
1.125466168160967229e+01 2.101046091854839870e-01
1.135309776461892461e+01 2.068947531066539502e-01
1.145239479420412287e+01 2.037240711305784158e-01
1.155256030041911330e+01 2.005922224654507480e-01
1.165360187917750778e+01 1.974988642080028056e-01
1.175552719282864622e+01 1.944436599534736521e-01
1.185834397073869617e+01 1.914262721279663682e-01
1.196206000987678308e+01 1.884463658397156904e-01
1.206668317540631286e+01 1.855036114045516271e-01
1.217222140128133212e+01 1.825976750922779779e-01
1.227868269084823716e+01 1.797282246209754852e-01
1.238607511745272483e+01 1.768949317888905692e-01
1.249440682505195710e+01 1.740974665719466075e-01
1.260368602883217548e+01 1.713355055683754569e-01
1.271392101583173684e+01 1.686087265806642532e-01
1.282512014556945878e+01 1.659168038063536799e-01
1.293729185067862275e+01 1.632594152161032652e-01
1.305044463754640560e+01 1.606362395879922522e-01
1.316458708695901514e+01 1.580469561360777764e-01
1.327972785475232165e+01 1.554912519630362866e-01
1.339587567246829281e+01 1.529688118929384832e-01
1.351303934801719109e+01 1.504793194730292827e-01
1.363122776634541466e+01 1.480224625589256771e-01
1.375044989010934415e+01 1.455979277940973038e-01
1.387071476035496964e+01 1.432054063023052437e-01
1.399203149720358041e+01 1.408445934426180990e-01
1.411440930054327403e+01 1.385151810449557763e-01
1.423785745072667197e+01 1.362168627372595531e-01
1.436238530927472112e+01 1.339493356859106366e-01
1.448800231958652596e+01 1.317122962573971656e-01
1.461471800765551876e+01 1.295054470843007843e-01
1.474254198279189509e+01 1.273284900788767826e-01
1.487148393835123450e+01 1.251811245415135887e-01
1.500155365246963690e+01 1.230630558688567411e-01
1.513276098880521303e+01 1.209739904096198276e-01
1.526511589728613849e+01 1.189136356565091701e-01
1.539862841486509559e+01 1.168817023962809981e-01
1.553330866628046536e+01 1.148778992832947821e-01
1.566916686482416843e+01 1.129019368908866505e-01
1.580621331311607847e+01 1.109535321960419818e-01
1.594445840388535807e+01 1.090324001514405561e-01
1.608391262075862471e+01 1.071382569698695886e-01
1.622458653905486514e+01 1.052708221372526676e-01
1.636649082658745868e+01 1.034298143994227814e-01
1.650963624447313549e+01 1.016149585534538713e-01
1.665403364794809349e+01 9.982597918550763227e-02
1.679969398719108042e+01 9.806259853077740896e-02
1.694662830815384780e+01 9.632454511788698936e-02
1.709484775339885232e+01 9.461154917992384283e-02
1.724436356294413031e+01 9.292334125188825289e-02
1.739518707511573226e+01 9.125965415362591315e-02
1.754732972740758612e+01 8.962022076811766713e-02
1.770080305734874671e+01 8.800477707979190156e-02
1.785561870337840062e+01 8.641306353551847508e-02
1.801178840572841722e+01 8.484481832602544515e-02
1.816932400731371544e+01 8.329978085689827838e-02
1.832823745463025489e+01 8.177769663484263374e-02
1.848854079866103106e+01 8.027831018950473685e-02
1.865024619579000742e+01 7.880136743994049786e-02
1.881336590872385983e+01 7.734661701867950878e-02
1.897791230742197754e+01 7.591380741863185122e-02
1.914389787003449328e+01 7.450269234997665413e-02
1.931133518384860892e+01 7.311302480623713129e-02
1.948023694624302848e+01 7.174455662891586483e-02
1.965061596565090696e+01 7.039704707401635286e-02
1.982248516253120840e+01 6.907025409762784784e-02
1.999585757034840583e+01 6.776393455671979316e-02
2.017074633656090299e+01 6.647785137300664393e-02
2.034716472361812123e+01 6.521176671369116606e-02
2.052512610996612707e+01 6.396544360618992842e-02
2.070464399106222331e+01 6.273864818153859768e-02
2.088573198039834722e+01 6.153114610424575970e-02
2.106840381053348921e+01 6.034270701137670750e-02
2.125267333413497539e+01 5.917310095347763643e-02
2.143855452502902281e+01 5.802209688499147811e-02
2.162606147926048195e+01 5.688947000939855586e-02
2.181520841616167417e+01 5.577499495259002210e-02
2.200600967943075048e+01 5.467844492532587808e-02
2.219847973821950049e+01 5.359959998604760939e-02
2.239263318823045168e+01 5.253823949286113432e-02
2.258848475282383106e+01 5.149414192550508945e-02
2.278604928413401964e+01 5.046709198713192346e-02
2.298534176419594743e+01 4.945687387113706368e-02
2.318637730608109848e+01 4.846327217626295036e-02
2.338917115504365185e+01 4.748607649707627804e-02
2.359373868967666255e+01 4.652507611489997003e-02
2.380009542307812964e+01 4.558006217914788855e-02
2.400825700402750584e+01 4.465082964597662241e-02
2.421823921817236069e+01 4.373717338587439912e-02
2.443005798922554916e+01 4.283889123033508134e-02
2.464372938017262271e+01 4.195578374908581071e-02
2.485926959449001927e+01 4.108765188580877636e-02
2.507669497737390785e+01 4.023430022515524229e-02
2.529602201697954911e+01 3.939553501058785934e-02
2.551726734567172983e+01 3.857116346342159829e-02
2.574044774128612545e+01 3.776099673977782040e-02
2.596558012840148777e+01 3.696484670927083216e-02
2.619268157962318000e+01 3.618252680293260887e-02
2.642176931687781760e+01 3.541385396350166248e-02
2.665286071271935953e+01 3.465864520716897823e-02
2.688597329164639405e+01 3.391671971687489073e-02
2.712112473143114144e+01 3.318789935486692044e-02
2.735833286446012380e+01 3.247200563859364841e-02
2.759761567908628521e+01 3.176886265294359690e-02
2.783899132099319829e+01 3.107829621573076836e-02
2.808247809457120425e+01 3.040013169648667427e-02
2.832809446430533029e+01 2.973419726244817818e-02
2.857585905617563071e+01 2.908032192820511619e-02
2.882579065906960381e+01 2.843833447618394211e-02
2.907790822620714266e+01 2.780806651851935526e-02
2.933223087657765049e+01 2.718934982687801899e-02
2.958877789638998479e+01 2.658201650783173151e-02
2.984756874053509534e+01 2.598590142976262007e-02
3.010862303406117846e+01 2.540083929022817627e-02
3.037196057366203661e+01 2.482666596420545976e-02
3.063760132917827050e+01 2.426321996692409541e-02
3.090556544511179027e+01 2.371033970979325237e-02
3.117587324215325850e+01 2.316786573472009655e-02
3.144854521872317221e+01 2.263564103979545314e-02
3.172360205252643439e+01 2.211350892846041319e-02
3.200106460212023052e+01 2.160131577167966749e-02
3.228095390849588853e+01 2.109891009539013526e-02
3.256329119667459793e+01 2.060614130752749795e-02
3.284809787731681041e+01 2.012286254271770242e-02
3.313539554834597567e+01 1.964892867692799583e-02
3.342520599658634239e+01 1.918419604244908649e-02
3.371755119941528989e+01 1.872852472391021289e-02
3.401245332642971420e+01 1.828177595231908134e-02
3.430993474112733566e+01 1.784381278261825202e-02
3.461001800260273598e+01 1.741450139309074635e-02
3.491272586725786198e+01 1.699370845542440625e-02
3.521808129052784153e+01 1.658130251136336747e-02
3.552610742862186299e+01 1.617715417076220213e-02
3.583682764027901868e+01 1.578113394399244598e-02
3.615026548853980159e+01 1.539311402630596723e-02
3.646644474253289303e+01 1.501296758462031082e-02
3.678538937927784502e+01 1.464056733703370493e-02
3.710712358550308210e+01 1.427578752855285758e-02
3.743167175948020997e+01 1.391850263667181696e-02
3.775905851287431858e+01 1.356858683023189419e-02
3.808930867261017283e+01 1.322591598389887685e-02
3.842244728275499455e+01 1.289036604139829484e-02
3.875849960641782133e+01 1.256181340058371010e-02
3.909749112766502321e+01 1.224013673510243247e-02
3.943944755345302156e+01 1.192521524303594496e-02
3.978439481557765589e+01 1.161692989523391631e-02
4.013235907264086677e+01 1.131516465248151408e-02
4.048336671203413317e+01 1.101980476408356661e-02
4.083744435193964506e+01 1.073073862574046820e-02
4.119461884334899793e+01 1.044785790853219529e-02
4.155491727209913932e+01 1.017105610718806695e-02
4.191836696092656922e+01 9.900230508506340649e-03
4.228499547153919735e+01 9.635281099660454249e-03
4.265483060670667470e+01 9.376109592207023530e-03
4.302790041236847429e+01 9.122620915582120224e-03
4.340423317976086537e+01 8.874721282713807571e-03
4.378385744756247533e+01 8.632317801824499620e-03
4.416680200405820500e+01 8.395319226913491514e-03
4.455309588932250620e+01 8.163633958646495520e-03
4.494276839742168050e+01 7.937170216352573346e-03
4.533584907863514957e+01 7.715836334188343887e-03
4.573236774169648555e+01 7.499539297700401168e-03
4.613235445605384655e+01 7.288185508737001286e-03
4.653583955415045637e+01 7.081681133070201820e-03
4.694285363372449638e+01 6.879931301805028605e-03
4.735342756012963861e+01 6.682841674984670716e-03
4.776759246867577247e+01 6.490318816521128617e-03
4.818537976698986114e+01 6.302269876440437686e-03
4.860682113739779453e+01 6.118604823208940828e-03
4.903194853932716768e+01 5.939236148743733991e-03
4.946079421173055835e+01 5.764078910722184902e-03
4.989339067553054008e+01 5.593052751837142289e-03
5.032977073608573448e+01 5.426080418389184201e-03
5.076996748567878370e+01 5.263088031555500368e-03
5.121401430602554683e+01 5.104005712499118733e-03
5.166194487080671394e+01 4.948765405689631997e-03
5.211379314822156061e+01 4.797301033318675419e-03
5.256959340356354460e+01 4.649547622905020501e-03
5.302938020181896661e+01 4.505439483668352736e-03
5.349318841028826910e+01 4.364910119544393105e-03
5.396105320122986626e+01 4.227891202453496790e-03
5.443301005452759256e+01 4.094311783861730517e-03
5.490909476038113723e+01 3.964098710285642903e-03
5.538934342202040995e+01 3.837176680450871298e-03
5.587379245844299192e+01 3.713468423919806527e-03
5.636247860717615055e+01 3.592896490596339098e-03
5.685543892706287750e+01 3.475383820900147629e-03
5.735271080107192887e+01 3.360854592149713736e-03
5.785433193913287653e+01 3.249236650860856061e-03
5.836034038099571575e+01 3.140460984886627414e-03
5.887077449911576110e+01 3.034462753882715726e-03
5.938567300156325501e+01 2.931182057236066205e-03
5.990507493495886138e+01 2.830561970211194905e-03
6.042901968743495189e+01 2.732548740827865641e-03
6.095754699162215218e+01 2.637089973595157632e-03
6.149069692766259720e+01 2.544132598552508069e-03
6.202850992624955495e+01 2.453621823343730014e-03
6.257102677169304172e+01 2.365499157038126934e-03
6.311828860501290706e+01 2.279701607866997486e-03
6.367033692705857817e+01 2.196161165765638055e-03
6.422721360165645876e+01 2.114805264055150125e-03
6.478896085878426447e+01 2.035557400250180126e-03
6.535562129777363793e+01 1.958339310320688764e-03
6.592723789054080896e+01 1.883072662685246696e-03
6.650385398484492327e+01 1.809680782220207153e-03
6.708551330757549636e+01 1.738091968897573052e-03
6.767225996806847377e+01 1.668239370000354970e-03
6.826413846145094055e+01 1.600062725115939050e-03
6.886119367201551711e+01 1.533508803669365265e-03
6.946347087662398678e+01 1.468529394479230850e-03
7.007101574814110734e+01 1.405081549843972518e-03
7.068387435889769677e+01 1.343125555322720885e-03
7.130209318418468456e+01 1.282623668886479721e-03
7.192571910577774474e+01 1.223540183493926825e-03
7.255479941549202749e+01 1.165841847372820709e-03
7.318938181876882254e+01 1.109499034221519184e-03
7.382951443829301752e+01 1.054490007354740889e-03
7.447524581764277229e+01 1.000804685739762169e-03
7.512662492497027245e+01 9.484485002809639638e-04
7.578370115671542351e+01 8.974513348140420073e-04
7.644652434135191754e+01 8.478701519637954140e-04
7.711514474316552992e+01 7.997955055813382513e-04
7.778961306606603898e+01 7.533605268133481640e-04
7.846998045743251282e+01 7.087415906257461557e-04
7.915629851199153677e+01 6.661680840951045464e-04
7.984861927573012963e+01 6.259308879800165766e-04
8.054699524984248171e+01 5.883840555062025629e-04
8.125147939471155212e+01 5.539598764294611502e-04
8.196212513392478627e+01 5.231743779358478215e-04
8.267898635832570164e+01 4.966271659575029760e-04
8.340211743010084433e+01 4.750112566511266302e-04
8.413157318690176112e+01 4.590942836154795234e-04
8.486740894600380614e+01 4.497037399706416464e-04
8.560968050850129885e+01 4.476885489817712433e-04
8.635844416353862130e+01 4.538619506627237913e-04
8.711375669257913046e+01 4.689492501497204082e-04
8.787567537371101878e+01 4.934726064320410933e-04
8.864425798599116035e+01 5.276964016570123619e-04
8.941956281382626059e+01 5.715266519141225547e-04
9.020164865139298627e+01 6.244044925460561944e-04
9.099057480709684853e+01 6.853175504691292209e-04
9.178640110806924213e+01 7.527175047605543954e-04
9.258918790470463023e+01 8.245731289888154998e-04
9.339899607523705072e+01 8.984546189353302074e-04
9.421588703035708079e+01 9.716042760265377167e-04
9.503992271786823665e+01 1.041138698128614860e-03
9.587116562738498260e+01 1.104165027838006690e-03
9.670967879507190901e+01 1.158019592767641978e-03
9.755552580842329746e+01 1.200402896856096920e-03
9.840877081108557434e+01 1.229493116572403545e-03
9.926947850772182846e+01 1.244135463483679984e-03
1.001377141689179808e+02 1.243778145134316528e-03
1.010135436361329084e+02 1.228530422733942716e-03
1.018970333266912434e+02 1.199118082034532481e-03
1.027882502388204244e+02 1.156729174343956593e-03
1.036872619567308362e+02 1.102964907546409232e-03
1.045941366557412380e+02 1.039666904118225019e-03
1.055089431074490847e+02 9.688147513140944050e-04
1.064317506849451007e+02 8.924116191456779416e-04
1.073626293680743657e+02 8.123817149769188561e-04
1.083016497487435004e+02 7.305338083608702189e-04
1.092488830362732557e+02 6.484691889382379268e-04
1.102044010627990076e+02 5.675833413986081447e-04
1.111682762887178342e+02 4.890525182744061587e-04
1.121405818081838532e+02 4.137939595118936319e-04
1.131213913546505978e+02 3.425129415777020949e-04
1.141107793064628169e+02 2.756956656026337280e-04
1.151088206924971757e+02 2.136208636099642532e-04
1.161155911978513018e+02 1.564139758146760467e-04
1.171311671695835912e+02 1.040557820527966053e-04
1.181556256225032229e+02 5.642686368992156845e-05
1.191890442450098391e+02 1.334192572397066454e-05
1.202315014049852806e+02 -2.542862622169410631e-05
1.212830761557363957e+02 -6.013034399116901367e-05
1.223438482419903579e+02 -9.101533462931547672e-05
1.234138981059412714e+02 -1.183296697458172754e-04
1.244933068933507769e+02 -1.423120240714030626e-04
1.255821564597019915e+02 -1.631937545192725897e-04
1.266805293764061560e+02 -1.811972621830493799e-04
1.277885089370648330e+02 -1.965417489928765644e-04
1.289061791637861347e+02 -2.094448541403355363e-04
1.300336248135568553e+02 -2.201258770429159099e-04
1.311709313846692169e+02 -2.288091762623169277e-04
1.323181851232048984e+02 -2.357238293128275503e-04
1.334754730295756815e+02 -2.410982156488946032e-04
1.346428828651203276e+02 -2.451535198018759288e-04
1.358205031587601752e+02 -2.480913688894000719e-04
1.370084232137131153e+02 -2.500794904744485471e-04
1.382067331142647220e+02 -2.512514683283506795e-04
1.394155237326005476e+02 -2.516980673731180587e-04
1.406348867356967389e+02 -2.514832063459588652e-04
1.418649145922721573e+02 -2.506555837196107516e-04
1.431057005797997874e+02 -2.492667359848720543e-04
1.443573387915806734e+02 -2.473829557720466144e-04
1.456199241438798424e+02 -2.450870687468574430e-04
1.468935523831231649e+02 -2.424705011539653599e-04
1.481783200931588169e+02 -2.396146558019546517e-04
1.494743247025817539e+02 -2.365774784271693228e-04
1.507816644921213936e+02 -2.333771082163252765e-04
1.521004386020950676e+02 -2.300037007217339195e-04
1.534307470399260183e+02 -2.264265393025656893e-04
1.547726906877277600e+02 -2.226241749204455479e-04
1.561263713099535835e+02 -2.185955377982394575e-04
1.574918915611141017e+02 -2.143744105103381292e-04
1.588693549935623537e+02 -2.100169297338128223e-04
1.602588660653457566e+02 -2.055888499547441301e-04
1.616605301481277479e+02 -2.011450128724036497e-04
1.630744535351793161e+02 -1.967211550389153158e-04
1.645007434494383460e+02 -1.923349935682945925e-04
1.659395080516415533e+02 -1.879953599827024926e-04
1.673908564485262502e+02 -1.837141081500595966e-04
1.688548987011051565e+02 -1.795096057618257156e-04
1.703317458330114391e+02 -1.754010929048115802e-04
1.718215098389188427e+02 -1.713967475890729598e-04
1.733243036930349490e+02 -1.674837944395698834e-04
1.748402413576674803e+02 -1.636255254827888533e-04
1.763694377918671421e+02 -1.597752492866929804e-04
1.779120089601450729e+02 -1.558906532832433380e-04
1.794680718412674878e+02 -1.519545954199097632e-04
1.810377444371256672e+02 -1.479737456714934384e-04
1.826211457816847883e+02 -1.439768847377726868e-04
1.842183959500114554e+02 -1.399931465976805411e-04
1.858296160673782538e+02 -1.360463044957344178e-04
1.874549283184496460e+02 -1.321507885309411044e-04
1.890944559565482450e+02 -1.283279261500268613e-04
1.907483233130004976e+02 -1.246127339600309818e-04
1.924166558065658705e+02 -1.210592840953469458e-04
1.940995799529473800e+02 -1.177195833601068592e-04
1.957972233743866468e+02 -1.146280542658168980e-04
1.975097148093407213e+02 -1.117777079104486417e-04
1.992371841222453099e+02 -1.091328205489477157e-04
2.009797623133635511e+02 -1.066379875400524886e-04
2.027375815287190051e+02 -1.042500816267717749e-04
2.045107750701173757e+02 -1.019419129824350874e-04
2.062994774052558284e+02 -9.970519213649030657e-05
2.081038241779191083e+02 -9.752517454636297131e-05
2.099239522182664359e+02 -9.537344884665256370e-05
2.117599995532077344e+02 -9.320032073838466549e-05
2.136121054168713158e+02 -9.096234736885288057e-05
2.154804102611612961e+02 -8.863592406284625516e-05
2.173650557664093412e+02 -8.623976215394226483e-05
2.192661848521192667e+02 -8.381018579274052561e-05
2.211839416878039515e+02 -8.138660235824116346e-05
2.231184717039190559e+02 -7.898195474901587129e-05
2.250699216028911280e+02 -7.659619903883104050e-05
2.270384393702434807e+02 -7.422743564871713950e-05
2.290241742858170824e+02 -7.189801675420534502e-05
2.310272769350916633e+02 -6.964510387654732570e-05
2.330478992206059843e+02 -6.750828822744079358e-05
2.350861943734755073e+02 -6.549899673885726495e-05
2.371423169650134639e+02 -6.360013312773015414e-05
2.392164229184530200e+02 -6.176773766683433414e-05
2.413086695207702235e+02 -5.996197036859929319e-05
2.434192154346125108e+02 -5.815728211736756562e-05
2.455482207103303267e+02 -5.635395116087854871e-05
2.476958467981150704e+02 -5.456072985502676334e-05
2.498622565602412351e+02 -5.278896307913485037e-05
2.520476142834173743e+02 -5.105045892041138470e-05
2.542520856912454406e+02 -4.936505360789735620e-05
2.564758379567866200e+02 -4.776254452947167173e-05
2.587190397152394894e+02 -4.626065992677736241e-05
2.609818610767289897e+02 -4.485582867574542456e-05
2.632644736392048799e+02 -4.351483654743153640e-05
2.655670505014557534e+02 -4.220849511020138573e-05
2.678897662762352070e+02 -4.092241514117620182e-05
2.702327971035044243e+02 -3.966913253003901546e-05
2.725963206637878216e+02 -3.846200925954778487e-05
2.749805161916481211e+02 -3.730532705351511871e-05
2.773855644892790906e+02 -3.618123913755788481e-05
2.798116479402149821e+02 -3.507022319080301914e-05
2.822589505231620706e+02 -3.396164910213357694e-05
2.847276578259501321e+02 -3.287158695772943396e-05
2.872179570596074996e+02 -3.181865741664552854e-05
2.897300370725558878e+02 -3.081162042138496226e-05
2.922640883649324905e+02 -2.984116952249783687e-05
2.948203031030373040e+02 -2.890020416881312003e-05
2.973988751339038004e+02 -2.799734110449550965e-05
3.000000000000001137e+02 -2.713972624149534927e-05
